100
3 2 7 3 3 2 3 8 6 1 6 0 7 1 9 1 5 0 1 4 9 6 8 2 4 6 5 3 4 7 4 7 1 4 0 4 8 3 3 4 6 1 5 5 4 6 6 9 6 7 5 6 4 3 0 5 2 5 3 8 5 0 1 6 6 7 3 4 0 4 0 3 1 5 3 5 1 1 4 0 3 1 8 5 7 8 5 1 6 0 4 1 2 4 9 0 1 4 4 3
10000
56 73
12 34
43 57
41 97
37 60
11 59
29 47
76 98
25 95
51 57
26 86
20 54
56 72
25 81
20 97
45 68
4 31
30 47
71 87
46 95
53 59
9 87
6 99
14 45
22 31
8 48
1 59
30 79
8 59
54 80
8 73
11 76
3 5
9 41
3 27
86 87
7 47
5 24
38 52
2 34
11 49
70 93
1 72
9 51
57 82
88 89
29 63
52 84
19 60
24 46
15 62
73 83
8 58
12 30
31 95
45 58
38 79
27 79
29 61
42 87
26 85
66 83
34 40
49 59
24 45
11 56
86 90
45 84
13 47
56 94
1 43
21 51
29 90
50 51
38 57
42 43
15 25
55 59
10 59
55 65
20 82
17 19
61 100
7 64
19 64
6 100
2 71
12 78
29 30
13 87
18 56
80 84
80 90
38 90
48 54
81 96
12 25
85 100
12 15
27 44
43 85
8 33
62 97
19 26
32 42
11 64
87 95
18 95
36 84
59 83
38 54
14 16
15 18
81 99
42 81
7 65
36 39
24 32
43 53
10 46
25 26
57 64
3 72
7 81
86 92
75 90
45 57
62 89
39 71
3 42
49 80
19 67
39 43
43 51
60 85
62 89
36 97
7 25
57 99
14 36
48 55
45 63
3 11
33 58
41 52
72 87
5 100
90 90
40 47
83 85
51 73
44 87
20 69
19 93
58 77
54 76
16 64
20 26
70 78
10 10
81 96
32 33
1 23
21 47
14 57
30 65
25 29
49 51
45 95
19 73
5 73
48 68
20 40
10 94
49 55
29 71
51 56
51 60
30 32
43 49
78 89
7 69
9 55
70 99
4 88
8 71
12 70
4 27
41 72
65 89
27 87
17 77
28 42
23 79
27 60
66 100
5 24
59 68
33 89
9 88
31 77
40 95
52 73
43 93
7 45
23 81
50 94
87 99
29 77
10 88
3 27
39 59
50 59
69 82
29 47
21 75
15 59
15 63
40 57
36 55
16 35
58 61
8 36
47 65
56 84
4 38
34 43
49 84
1 69
17 47
38 50
22 60
4 88
22 43
44 76
11 78
63 87
71 98
18 94
29 62
18 25
59 67
60 67
60 94
10 87
36 58
31 47
3 96
17 18
14 97
75 93
7 24
61 95
4 7
18 64
35 40
35 53
50 94
19 43
5 6
5 14
3 93
45 88
5 62
2 57
27 49
28 51
40 55
10 97
12 46
27 81
3 13
33 53
4 58
47 62
51 61
28 53
54 72
41 58
49 85
11 12
38 49
14 55
62 78
64 75
25 43
27 55
40 55
65 79
26 43
3 78
5 28
55 81
47 76
61 91
1 95
24 43
89 91
20 97
13 50
26 94
49 55
52 61
83 88
25 30
3 60
84 87
7 38
35 68
10 37
31 47
10 70
26 52
58 74
59 71
65 86
40 84
65 87
4 53
69 77
28 33
31 68
38 67
5 34
72 93
18 95
56 76
1 39
8 48
74 78
58 60
93 94
51 58
3 79
48 61
32 45
27 62
12 93
69 99
22 78
61 72
88 91
80 81
87 88
14 80
37 64
10 25
29 75
60 67
28 30
59 61
72 85
36 74
25 30
4 59
16 46
83 89
4 62
43 69
1 48
56 63
32 37
18 72
39 59
77 88
18 35
41 100
71 73
28 52
83 97
11 95
93 99
54 83
3 54
48 53
55 56
15 92
39 87
45 61
29 89
46 84
23 35
38 45
8 66
56 97
7 48
50 98
51 84
3 4
39 51
56 93
6 22
36 92
12 96
40 89
24 84
37 58
27 59
3 66
51 92
21 91
9 23
59 89
58 91
62 96
41 69
41 98
42 76
42 54
24 30
45 59
34 53
11 17
60 71
28 51
1 73
41 81
75 81
32 39
72 100
64 80
20 20
13 62
47 55
18 70
63 84
29 88
96 97
51 55
30 67
39 57
30 97
19 56
9 30
1 88
8 19
16 79
29 38
36 91
9 83
6 18
23 86
58 70
8 82
24 100
37 80
19 90
8 28
57 74
13 16
9 75
31 77
5 20
47 57
40 56
7 13
9 29
66 98
31 98
73 73
30 62
4 19
32 84
57 78
45 92
53 70
52 71
27 29
24 85
31 73
76 80
85 95
60 92
10 50
74 75
3 82
36 38
67 73
2 21
12 75
44 46
16 68
44 48
23 94
18 81
5 8
97 99
9 92
90 94
18 63
51 68
17 55
41 88
60 73
42 47
24 39
39 43
6 90
51 83
15 64
68 68
17 22
66 66
7 25
42 59
21 26
89 92
32 80
29 52
70 91
14 98
60 92
17 53
33 87
67 96
1 86
15 74
2 80
39 78
38 97
19 58
63 74
5 46
26 94
8 36
6 47
6 50
49 54
74 82
40 40
77 92
78 92
31 65
23 56
9 61
27 52
70 78
16 41
34 82
90 93
40 70
47 71
95 97
24 71
15 76
5 62
6 39
22 96
70 70
77 78
30 81
56 100
58 97
39 67
59 82
3 80
26 50
25 47
48 73
17 48
62 78
19 52
17 99
38 41
17 69
50 67
22 97
6 49
67 70
52 97
76 78
6 27
31 54
26 73
30 89
44 73
19 77
62 87
2 27
24 95
71 90
19 97
63 97
25 33
21 64
36 41
48 93
1 19
23 44
5 26
51 84
2 48
9 79
5 88
63 63
33 52
48 52
3 67
27 44
51 59
38 99
51 99
30 70
5 99
13 77
9 48
56 79
9 50
37 64
65 78
16 52
10 55
13 15
11 21
71 91
42 69
8 72
40 90
41 90
5 94
18 54
48 52
9 53
24 56
42 73
2 93
40 63
47 55
20 27
17 70
85 90
11 50
2 56
48 91
43 84
4 13
8 89
12 97
12 20
53 72
25 92
31 97
44 88
37 66
53 63
4 35
90 97
5 97
95 98
93 97
30 100
18 57
59 68
23 66
38 87
75 78
62 72
1 9
67 97
67 81
1 50
36 39
41 98
35 47
31 87
17 91
47 83
86 93
15 52
15 53
41 42
31 54
65 91
31 55
73 87
63 88
73 98
22 26
61 90
21 77
11 43
25 93
10 30
70 76
81 84
21 28
10 25
75 89
81 100
39 71
33 53
26 77
52 83
72 99
64 71
48 58
33 92
35 42
4 22
17 54
39 97
27 64
6 53
4 58
27 33
37 96
21 59
13 93
24 63
39 65
33 64
49 66
8 83
29 59
28 38
34 76
24 60
29 91
12 47
86 96
33 73
32 83
6 97
29 76
40 59
20 44
55 68
61 62
2 71
39 42
76 98
14 21
57 87
2 99
3 39
46 75
24 30
29 57
26 32
9 36
23 80
31 78
47 91
48 91
14 33
11 38
8 52
84 94
8 37
10 44
27 90
36 50
19 92
78 96
24 39
31 98
14 18
17 75
56 66
16 69
50 54
57 80
15 57
2 16
51 98
77 77
12 39
9 27
3 56
4 78
86 94
12 76
2 99
7 28
19 43
68 75
48 54
4 24
68 78
19 70
27 95
47 65
6 25
61 73
28 80
26 38
65 65
16 37
16 67
22 85
10 96
53 58
2 28
21 61
32 57
83 91
26 89
47 84
13 71
44 92
33 50
17 67
5 98
64 82
55 72
82 100
2 52
3 91
3 32
76 88
34 66
12 71
6 69
18 47
90 92
61 93
30 74
59 71
34 92
58 86
38 98
91 100
81 89
54 72
29 35
21 60
46 82
51 84
2 30
20 93
71 81
38 44
10 48
67 95
4 40
4 89
41 94
82 88
26 42
13 53
22 64
33 68
16 45
47 70
45 90
15 91
22 28
10 31
76 76
67 77
32 81
55 72
26 43
4 5
36 58
16 57
48 73
18 76
15 46
59 64
54 87
8 25
34 82
9 90
18 62
75 93
29 50
16 76
23 73
31 58
46 82
54 67
42 93
59 71
39 86
17 25
40 93
73 84
73 78
33 39
7 43
83 92
51 87
10 19
23 49
19 56
46 85
9 90
79 80
17 48
16 65
56 94
8 77
80 86
2 12
76 96
11 70
57 87
13 58
18 87
36 58
4 42
50 73
51 93
41 81
19 98
12 56
5 16
41 85
1 94
28 48
18 89
38 75
2 74
84 91
42 88
29 78
2 97
31 89
4 11
23 81
37 60
65 86
4 78
1 56
48 71
59 83
65 73
38 86
69 74
62 80
10 62
58 90
11 20
47 67
79 83
42 89
26 67
58 70
4 58
25 26
6 8
70 85
32 70
5 60
90 91
52 66
8 52
9 63
7 79
29 61
69 86
52 55
12 46
1 22
46 70
27 27
5 63
36 96
7 32
21 41
50 58
1 24
17 33
15 96
43 91
8 76
14 63
61 80
1 78
47 61
39 98
25 55
1 72
32 90
79 82
5 80
28 92
8 80
12 95
3 55
15 89
4 30
9 80
57 64
61 76
11 55
15 79
15 65
51 54
81 99
55 88
60 79
34 39
38 46
45 85
74 100
29 59
29 38
90 92
47 50
1 19
33 60
24 80
30 100
30 98
10 17
4 21
37 47
59 84
34 96
28 33
21 38
14 49
3 28
74 92
4 10
26 64
5 43
39 94
20 86
43 47
46 88
34 67
78 82
16 70
49 73
93 100
13 39
41 66
15 32
71 91
16 93
34 87
24 73
58 80
22 96
5 83
19 23
53 69
90 100
20 72
19 90
16 28
56 84
45 50
35 39
20 84
3 5
70 75
29 50
24 84
23 40
58 94
26 63
14 46
65 67
38 57
35 53
18 84
61 81
51 68
67 87
34 69
4 92
72 95
5 79
47 79
18 56
72 80
34 69
94 100
83 85
20 56
35 92
89 95
8 72
90 98
31 95
38 59
5 86
61 90
59 83
1 21
14 92
32 47
13 77
47 97
54 59
46 68
45 57
68 92
64 89
10 10
20 20
57 99
24 59
7 99
17 19
59 83
42 62
29 74
19 27
29 71
38 81
74 77
46 66
10 97
6 54
25 71
25 70
34 48
28 32
6 97
50 64
11 79
58 59
37 76
59 86
4 66
30 48
42 94
38 95
55 100
25 95
19 77
10 46
19 26
24 93
22 42
40 52
4 97
10 92
24 95
50 79
12 98
54 60
54 91
43 97
6 90
34 73
8 19
78 95
44 87
17 54
80 93
68 83
29 41
16 75
24 76
35 46
6 73
15 40
11 35
11 16
24 36
1 83
54 95
61 97
14 33
12 13
32 58
50 95
21 60
17 35
62 96
21 22
13 67
78 87
47 50
22 45
46 85
38 57
17 92
25 86
50 82
88 91
81 82
92 92
8 54
2 27
48 69
74 88
12 60
11 65
9 61
32 45
58 88
34 50
19 56
26 89
13 68
79 100
47 70
52 92
29 70
5 98
69 78
80 85
1 90
50 90
61 74
19 95
13 28
20 21
47 97
9 66
40 61
7 18
9 61
11 90
15 30
39 98
75 93
29 82
19 75
31 87
44 77
56 57
5 28
3 28
37 76
20 37
28 37
88 95
5 45
74 77
20 67
23 64
41 52
67 97
22 79
6 65
56 62
12 72
42 100
14 17
33 88
5 15
22 100
2 66
31 56
27 92
66 97
38 90
17 38
4 90
9 17
6 24
23 78
16 87
29 52
16 84
84 89
30 57
40 83
23 95
13 66
10 22
63 83
47 52
1 2
41 69
47 63
37 44
30 76
4 4
81 87
16 19
27 100
66 73
47 82
61 95
64 82
46 56
44 54
96 97
55 90
64 69
36 59
11 57
60 88
66 68
47 84
73 84
8 35
16 39
51 54
10 17
65 84
62 79
11 70
25 75
90 100
35 45
2 49
36 97
61 62
56 59
91 97
31 32
22 98
51 98
24 60
7 19
32 76
46 85
11 42
41 70
1 66
1 27
67 75
28 36
43 88
38 84
33 69
30 66
42 64
32 65
23 50
50 71
8 82
23 95
16 18
16 18
82 94
18 48
6 69
27 56
48 65
33 92
57 85
62 79
46 72
43 46
66 95
28 96
73 90
3 90
6 18
60 87
11 29
31 86
65 86
86 87
78 81
18 65
31 86
10 43
38 76
23 55
2 3
27 50
52 92
49 68
21 27
84 87
8 72
14 93
52 88
30 68
47 81
33 67
27 78
5 28
64 82
18 27
29 36
44 79
12 32
5 27
13 90
88 97
36 53
42 76
5 71
43 85
18 75
3 47
30 54
17 51
30 64
87 99
30 58
77 89
41 55
31 93
19 32
6 79
20 85
41 81
24 43
60 77
32 50
3 58
60 61
72 76
58 89
46 74
2 39
32 87
31 56
14 74
63 92
80 99
60 64
6 91
67 83
17 85
74 98
11 87
10 85
74 86
12 19
58 71
9 13
69 89
2 40
54 94
25 45
52 60
85 94
19 65
33 60
3 10
42 58
20 43
3 57
16 22
38 68
31 33
19 47
53 86
46 72
68 91
42 71
7 28
44 87
46 77
77 80
7 86
73 78
28 75
87 95
48 54
33 78
31 38
48 90
16 71
6 88
10 39
18 99
16 85
13 92
41 82
23 41
27 47
6 18
22 56
1 69
10 85
99 99
15 46
82 89
17 28
7 39
37 89
4 76
25 88
47 58
29 70
55 98
68 68
12 89
12 23
10 84
8 48
14 83
5 23
21 95
2 85
38 79
54 73
93 97
39 42
22 55
52 60
28 28
39 71
68 94
3 29
29 50
11 36
16 93
10 85
65 86
44 47
19 75
49 67
16 42
22 58
63 69
25 42
96 96
16 81
41 83
44 69
32 84
32 99
24 68
40 61
7 54
28 83
25 32
47 92
4 25
65 88
24 90
29 72
37 61
77 87
43 82
79 97
65 80
40 77
37 48
53 80
62 95
20 32
45 78
63 70
28 33
9 57
69 89
5 28
50 66
33 44
47 81
12 74
51 61
51 60
30 39
12 34
44 95
5 40
19 25
57 61
69 98
65 66
10 44
59 70
2 61
54 60
28 35
23 47
25 30
6 20
55 69
5 50
61 63
41 87
2 80
77 96
12 70
31 43
8 64
41 68
18 95
52 79
1 74
3 98
3 26
32 74
23 79
37 81
21 39
18 24
22 71
44 47
34 41
26 41
4 67
21 61
13 39
24 86
21 40
17 40
13 75
48 97
28 91
82 86
61 100
51 74
31 97
16 69
37 94
57 93
12 69
24 65
59 89
9 50
9 100
36 66
13 65
55 84
69 92
44 88
29 39
11 17
35 37
24 27
35 82
16 94
3 80
17 61
68 78
29 63
28 77
41 64
41 99
32 48
35 68
75 96
25 43
59 60
31 85
13 35
19 50
58 73
74 81
1 85
3 47
32 81
75 96
24 67
23 94
61 98
25 58
9 82
19 67
50 93
3 27
14 73
28 71
45 61
29 96
51 61
28 41
54 82
5 88
20 81
28 69
37 94
45 54
64 70
15 72
65 74
30 93
21 46
42 52
81 99
22 93
49 49
30 85
2 72
73 87
4 66
42 97
54 86
50 75
1 73
65 89
46 82
43 94
54 97
84 86
58 96
44 78
6 62
26 60
64 85
32 88
25 29
34 37
11 38
8 11
11 97
8 28
30 73
3 35
38 70
20 65
49 95
8 53
33 62
12 46
95 96
76 85
20 21
9 30
59 69
21 92
19 65
28 46
30 92
13 80
51 68
62 77
84 99
60 66
69 77
5 16
24 41
43 44
4 62
20 24
67 72
40 88
19 86
29 33
49 64
41 68
14 69
64 81
4 47
23 72
75 79
40 98
20 83
33 40
15 38
10 52
43 82
19 97
13 82
13 99
45 91
11 80
13 59
14 26
11 49
85 86
77 79
50 83
11 74
48 82
41 85
57 74
54 79
92 92
42 87
4 83
32 36
42 45
48 71
55 58
71 92
49 94
20 76
30 99
2 80
78 94
17 86
67 95
58 91
77 86
51 90
34 60
4 77
24 27
33 74
33 44
25 26
44 45
54 95
7 26
26 55
42 100
40 66
31 37
22 75
25 59
63 70
10 39
36 74
14 99
46 68
44 95
24 91
29 88
65 85
10 35
19 86
52 58
3 88
40 77
61 99
24 53
20 62
62 93
49 76
16 44
73 90
48 60
80 99
16 76
62 63
25 33
28 47
49 90
67 82
28 77
32 81
51 51
64 94
42 96
91 91
10 16
69 80
11 63
19 91
26 81
2 52
13 99
54 82
48 99
28 87
18 75
8 77
2 21
16 93
83 95
4 6
37 50
13 24
42 99
3 76
6 74
29 38
4 10
55 92
58 78
82 84
41 48
61 68
53 94
35 41
87 92
37 44
28 68
1 26
55 61
35 53
60 81
16 72
15 91
22 100
45 55
83 92
43 95
11 41
45 47
81 86
36 76
15 74
43 74
56 92
28 44
39 90
24 61
54 66
27 28
65 72
48 81
63 76
42 73
41 68
48 69
4 26
23 99
18 70
24 61
3 73
14 56
41 79
26 47
53 97
61 73
24 54
8 38
2 81
48 62
30 42
47 67
21 85
17 54
40 90
14 66
21 42
27 82
5 52
48 80
53 57
8 33
58 68
70 90
32 69
10 37
35 61
28 98
44 55
45 51
69 83
24 58
37 89
57 92
37 41
39 97
41 99
29 98
51 66
34 39
27 82
94 95
22 61
67 91
65 94
11 99
21 62
2 22
9 30
49 94
32 66
58 97
30 78
7 47
28 45
32 61
26 71
31 54
45 99
15 50
12 90
13 51
32 86
4 40
16 97
33 40
37 81
43 62
14 49
9 93
92 94
16 53
6 18
68 99
2 48
35 91
47 59
43 93
85 97
34 52
45 74
25 36
10 78
75 87
27 47
67 72
19 90
59 87
24 37
27 78
61 84
68 95
13 59
37 43
9 70
46 53
43 82
4 30
59 68
37 78
66 96
8 55
14 47
14 90
40 83
19 67
52 86
10 13
1 50
5 58
50 70
63 65
31 92
20 42
11 50
76 78
38 45
11 30
36 43
70 100
18 34
85 88
52 55
5 47
51 52
14 74
52 76
35 38
19 57
29 76
5 6
3 4
42 86
13 77
12 28
14 99
81 86
87 98
90 96
41 91
46 57
14 98
3 84
3 32
59 60
17 83
39 63
5 19
24 31
3 33
83 94
16 26
66 69
58 65
7 61
7 50
16 63
47 56
18 39
1 77
83 97
11 46
16 21
44 67
52 99
44 47
34 62
2 22
79 86
11 40
13 92
55 98
28 53
1 45
1 43
74 91
35 71
1 56
68 86
51 84
19 97
52 80
1 11
6 89
68 86
77 80
77 80
59 83
29 35
4 23
29 87
13 22
14 99
36 77
79 81
72 99
51 76
2 38
7 51
78 88
27 58
6 16
34 99
15 17
20 33
20 37
50 100
50 93
21 63
85 95
56 99
26 45
46 58
8 63
5 93
31 47
50 63
35 88
4 61
45 49
38 75
16 74
8 39
23 53
28 60
27 47
15 43
25 52
67 88
44 84
31 59
60 74
14 93
5 94
17 95
49 92
17 32
17 70
24 92
4 74
20 51
17 82
14 85
1 41
25 51
61 97
22 55
20 99
35 66
3 52
3 60
43 95
11 19
64 95
37 54
4 98
8 79
21 21
13 63
66 73
37 69
26 43
43 98
41 77
63 95
74 80
26 98
68 68
31 89
42 62
11 19
26 46
18 41
4 98
30 70
21 67
91 98
9 33
2 47
61 61
41 96
34 45
1 18
6 13
26 83
1 48
37 45
77 78
62 75
32 91
4 45
9 87
2 70
19 100
71 79
61 66
46 71
11 89
23 47
46 81
93 100
82 88
11 89
17 50
48 86
82 93
4 53
57 68
22 38
56 92
16 16
39 58
62 68
60 79
24 42
40 93
69 73
57 81
36 97
21 59
3 96
2 99
21 55
55 77
58 63
68 73
77 78
63 91
41 96
2 89
17 94
82 85
62 66
1 93
3 58
5 73
5 26
4 60
10 46
3 88
55 72
2 28
42 84
44 79
46 83
51 68
39 49
35 56
62 79
9 71
81 82
38 75
7 30
4 97
36 40
59 63
86 91
16 26
27 60
4 61
5 23
11 43
71 97
84 98
6 28
9 54
29 39
46 97
10 95
49 100
30 58
64 72
79 95
74 97
53 90
34 94
75 97
88 98
38 45
72 81
35 95
33 80
15 78
24 29
24 81
5 25
88 90
77 85
18 25
8 58
43 77
4 53
41 91
1 36
78 81
7 72
39 67
57 81
37 68
57 91
69 81
59 95
20 23
89 95
4 48
76 96
1 98
79 89
31 93
24 70
64 82
30 93
1 20
11 87
67 90
29 58
24 99
16 18
62 98
6 97
54 65
63 73
3 6
51 98
26 86
19 49
7 63
78 79
40 64
17 53
46 58
56 62
21 78
18 25
83 91
15 56
39 88
18 93
20 93
42 78
60 97
3 26
56 74
33 37
50 95
5 41
3 95
15 60
32 37
22 84
71 98
29 58
88 98
2 81
69 95
58 65
36 54
20 27
52 91
16 37
8 53
41 47
53 62
13 45
89 97
11 19
46 47
20 34
21 97
65 66
23 67
20 30
10 49
52 98
52 65
5 89
29 73
3 86
16 33
31 73
49 64
61 83
2 47
43 46
11 74
8 40
37 86
11 95
37 61
40 47
25 87
44 49
67 99
35 100
14 17
29 72
7 65
11 89
8 35
6 34
13 45
73 82
1 36
77 89
75 96
28 72
24 61
21 27
7 74
26 87
23 50
39 67
7 56
1 15
6 93
48 90
70 73
22 71
8 47
10 55
21 90
26 33
65 98
38 60
56 85
30 76
34 94
41 68
21 100
56 93
3 26
34 48
4 27
34 69
3 31
40 75
18 20
8 36
15 67
23 73
3 100
52 89
72 93
29 92
36 92
36 69
39 69
16 65
37 73
27 51
42 67
1 38
8 59
26 73
26 45
29 48
44 51
17 36
22 97
13 79
15 33
23 82
35 49
39 59
41 85
3 85
83 86
40 93
12 45
18 71
8 17
3 99
67 68
41 90
15 69
47 54
35 87
21 69
60 87
24 28
52 64
26 34
49 66
27 94
77 96
64 85
14 65
32 39
29 80
46 72
77 97
31 45
15 65
51 54
30 76
28 77
54 94
13 94
19 91
48 87
2 87
51 84
15 22
34 46
50 57
44 46
86 88
28 52
31 52
5 80
12 33
5 59
71 87
5 51
37 62
4 100
87 91
2 57
9 87
10 55
95 98
8 80
85 87
84 88
17 40
19 29
73 77
59 85
35 48
15 61
24 71
12 66
57 65
17 22
3 28
27 97
77 86
13 29
12 72
1 41
3 71
21 75
5 48
47 85
52 92
7 67
22 70
30 32
5 34
36 47
25 33
9 84
10 12
22 33
74 75
73 78
44 93
4 43
89 98
41 89
92 95
7 13
16 90
42 49
40 94
36 78
16 20
77 87
60 83
10 58
82 85
28 87
27 90
23 76
11 78
16 69
58 74
33 73
27 63
8 74
9 18
34 86
24 80
15 62
71 83
67 72
5 10
31 46
68 99
6 29
73 79
49 88
46 82
60 60
60 85
67 77
46 52
10 25
72 75
39 57
62 94
50 75
71 73
22 80
37 92
22 50
9 98
6 9
31 69
65 90
32 53
67 98
28 83
10 75
51 65
18 97
79 93
1 46
17 26
8 22
14 23
30 75
21 38
3 80
58 97
63 93
28 59
60 62
38 86
71 89
3 41
81 85
30 33
1 81
7 55
8 73
37 77
47 49
75 78
32 52
74 96
1 94
6 6
15 43
37 43
45 83
19 77
25 61
1 58
7 61
12 69
31 40
57 77
31 89
55 92
15 28
39 60
44 81
17 47
60 86
21 83
4 12
39 81
39 72
85 90
1 98
5 28
61 92
5 32
11 92
58 75
13 90
17 70
56 86
16 94
45 51
14 100
4 62
32 33
21 43
69 92
73 73
17 19
34 75
48 77
23 37
27 34
2 35
43 96
64 87
83 88
1 14
35 75
18 56
50 59
28 39
41 63
52 60
79 85
79 86
23 61
1 46
49 87
48 96
81 86
59 68
21 24
7 20
76 98
9 24
14 25
66 88
39 77
7 77
14 24
36 85
36 37
36 82
76 81
32 56
18 42
24 38
66 95
63 96
20 70
23 47
10 33
61 64
40 49
24 68
4 53
41 59
40 41
68 76
7 20
23 38
49 98
27 66
23 45
14 28
3 94
12 26
12 75
12 39
14 58
19 35
13 94
5 11
85 86
57 72
45 47
45 94
44 72
10 40
46 89
39 54
65 91
17 55
55 92
5 66
1 64
75 76
46 85
30 81
23 52
67 86
31 98
63 94
55 72
33 100
12 38
3 39
7 55
9 46
13 74
2 76
26 29
3 71
65 83
1 87
38 87
5 36
67 69
23 81
66 90
2 74
55 64
9 56
64 70
6 82
60 89
9 15
40 64
4 85
37 46
84 91
47 75
72 95
14 52
55 69
69 94
24 56
58 63
79 84
42 78
13 67
1 21
40 81
17 84
82 95
6 85
17 80
32 88
26 97
46 92
51 60
39 59
83 96
67 73
51 75
8 87
60 69
1 59
51 95
17 45
28 74
44 82
53 65
30 32
13 23
63 75
14 82
17 73
9 46
35 35
48 94
16 73
32 53
16 55
78 84
5 99
32 58
48 62
31 96
60 92
5 18
23 39
31 47
55 92
41 44
78 91
34 51
6 38
34 73
11 92
9 42
18 67
26 66
31 73
74 97
1 33
7 92
74 91
53 97
65 97
37 95
70 87
45 45
7 30
50 69
29 40
6 44
46 69
29 71
19 93
2 25
72 93
31 62
19 84
35 59
32 95
18 29
17 73
14 75
35 54
77 93
63 72
50 61
73 92
84 89
43 90
9 14
35 39
5 28
38 74
5 39
68 84
52 75
40 92
27 46
55 74
37 90
26 92
17 97
37 64
58 100
8 78
12 24
51 99
16 72
7 40
23 29
55 74
17 27
53 94
62 68
4 7
4 32
52 95
10 48
40 99
17 67
7 90
57 81
48 92
80 83
8 54
58 79
62 84
56 96
9 88
75 94
12 30
6 77
76 81
67 72
34 74
32 88
20 75
19 88
68 68
53 73
10 75
52 89
93 99
80 96
7 70
19 25
53 99
31 76
28 43
2 2
28 41
54 85
61 73
24 80
40 77
52 66
55 86
6 31
1 53
60 62
39 70
30 68
57 91
19 50
51 51
72 78
56 92
4 84
7 80
71 83
34 83
21 89
89 94
3 93
47 64
52 68
2 33
36 45
37 90
40 63
86 88
31 70
53 93
34 73
11 16
46 95
1 83
18 41
20 29
34 75
35 37
42 89
29 70
11 33
47 66
2 5
32 71
35 76
20 75
48 86
35 95
83 87
77 100
5 28
13 19
5 31
1 73
70 93
53 77
18 32
23 34
6 22
8 56
31 82
27 81
13 68
50 75
52 100
1 79
8 19
39 43
43 75
63 68
15 65
44 96
67 85
58 81
24 37
5 66
19 44
86 86
12 57
8 87
15 87
23 38
57 80
13 31
22 75
38 50
41 94
25 86
12 66
83 87
54 100
72 92
29 43
9 99
40 47
55 58
85 95
29 93
41 74
24 48
25 67
7 37
18 22
32 81
40 66
68 93
11 65
7 17
77 91
30 58
67 76
36 60
16 62
53 87
28 56
74 86
23 52
22 81
44 64
35 54
29 73
80 93
35 96
25 51
24 60
7 99
27 42
11 88
15 58
26 65
12 42
39 45
19 34
29 66
34 72
62 64
44 95
6 79
8 90
3 65
61 68
16 46
3 78
12 85
10 92
76 85
66 73
6 29
36 47
69 87
2 18
13 30
87 96
37 43
95 98
14 53
58 68
59 60
43 45
23 36
4 99
72 77
1 16
34 52
20 47
16 20
2 73
68 80
23 88
34 56
9 20
47 77
5 76
73 89
11 99
55 60
32 61
31 77
32 64
28 30
36 99
8 97
76 100
28 88
83 98
21 69
68 91
19 98
24 86
75 91
48 50
29 61
11 33
16 89
16 26
61 97
66 93
21 66
21 48
18 53
25 82
25 39
36 44
20 43
21 85
20 94
74 86
19 80
68 84
9 34
31 35
1 22
23 42
66 95
41 70
65 74
3 94
90 98
38 92
9 10
2 76
62 81
27 61
10 80
65 80
15 70
91 95
67 70
84 84
64 76
28 53
50 98
82 99
19 87
91 95
66 80
48 61
74 79
21 58
52 83
5 23
66 69
84 95
31 38
54 67
6 71
7 33
15 69
6 7
85 96
2 65
1 13
25 92
75 97
1 9
48 75
13 66
44 60
33 49
42 68
38 99
38 71
6 58
11 85
65 69
18 58
70 85
9 18
13 44
14 57
53 57
17 88
22 31
22 28
16 21
53 89
20 79
23 25
36 59
87 100
28 44
12 17
65 87
73 78
29 30
34 91
37 78
3 58
61 82
32 76
3 72
22 28
50 51
86 98
61 84
37 88
6 27
52 91
76 92
20 21
10 56
7 93
9 40
2 100
33 90
75 92
54 57
6 65
56 62
17 43
32 45
23 56
7 37
28 66
34 85
90 100
47 58
82 86
66 83
8 85
11 68
24 99
16 16
72 81
76 77
40 74
7 95
43 96
13 54
22 87
50 73
28 96
9 31
48 81
17 44
11 55
6 79
86 94
21 66
17 49
8 93
22 99
55 70
8 93
66 82
31 46
39 74
21 26
58 82
20 77
74 75
4 39
24 32
4 50
18 42
34 52
26 74
33 80
43 77
24 39
43 84
7 33
9 32
5 43
24 42
15 19
50 58
33 71
20 81
36 74
88 89
8 66
61 92
45 55
35 68
62 78
19 36
27 46
50 68
9 21
26 40
75 75
97 97
29 60
68 95
55 57
62 82
22 94
5 19
24 48
53 78
23 86
13 31
2 80
22 33
40 58
61 67
9 84
43 63
31 90
38 44
71 87
57 60
13 65
12 78
31 36
73 89
2 5
6 56
33 88
25 28
40 45
80 91
49 53
75 90
12 83
21 85
34 41
81 98
10 53
40 62
50 92
13 97
3 68
2 36
55 81
12 51
2 21
21 82
54 56
10 89
19 94
53 61
86 93
50 90
55 63
29 46
13 41
42 67
8 96
14 54
65 76
16 48
66 98
20 72
29 53
12 72
72 74
11 24
17 25
71 100
81 88
16 52
10 21
18 81
24 57
46 84
62 88
32 54
51 59
11 77
32 88
34 57
9 11
20 27
34 71
49 73
17 51
24 24
26 93
56 82
1 16
56 65
14 48
24 61
37 51
34 87
20 76
86 90
9 29
14 65
32 65
82 86
61 81
5 6
5 12
21 39
13 56
28 78
3 88
2 53
24 88
86 99
7 28
36 87
52 88
19 100
17 37
53 97
9 97
2 55
21 93
74 85
1 100
3 62
40 63
7 63
45 50
9 13
24 48
63 95
95 100
34 68
31 86
64 80
70 94
14 33
15 58
14 98
10 12
49 68
74 75
11 76
71 75
46 84
22 30
8 73
41 76
7 40
56 78
38 72
25 70
37 39
79 87
5 88
72 98
23 36
98 98
68 98
33 72
45 65
25 63
70 90
9 65
43 96
16 85
66 93
2 6
83 84
87 88
37 71
58 59
56 60
9 55
76 78
40 94
23 56
16 92
81 97
52 93
20 75
29 40
12 35
46 93
18 81
33 41
69 91
28 98
5 98
37 73
30 34
8 65
37 80
33 99
3 12
38 77
6 74
37 77
22 92
9 82
14 54
22 49
47 56
6 50
3 38
30 36
19 94
7 44
26 94
89 91
48 68
21 27
25 55
16 57
28 91
76 81
25 56
3 12
23 52
17 77
41 46
12 59
7 92
17 69
1 7
9 100
26 87
21 50
29 94
17 21
45 71
2 27
4 69
43 90
7 58
71 99
55 82
9 46
25 41
41 66
27 31
40 57
12 13
6 58
27 93
63 79
71 80
41 91
30 35
33 41
3 87
39 42
36 99
39 76
23 57
53 68
60 83
47 61
71 71
15 53
31 97
30 67
62 70
57 96
41 100
38 88
78 95
30 79
70 76
58 98
25 26
2 8
63 84
6 7
10 33
73 81
2 92
47 53
55 72
23 48
35 95
60 89
12 39
39 70
27 60
36 85
4 38
44 87
49 52
36 45
18 59
16 50
19 62
42 55
16 54
62 64
24 89
50 52
14 19
73 91
78 98
1 9
15 52
18 39
52 84
53 62
53 68
12 71
18 81
48 65
28 71
9 11
3 10
63 68
5 81
40 78
34 100
1 30
51 68
18 55
3 23
16 55
42 79
23 78
42 96
22 67
21 83
24 77
44 91
24 91
47 83
53 81
82 82
81 85
2 98
4 39
54 72
11 14
33 88
28 88
29 61
49 94
23 43
24 87
13 15
60 62
15 49
30 40
48 72
14 49
21 52
5 93
15 58
6 90
2 93
69 82
15 53
48 82
6 37
1 86
47 72
20 60
51 61
49 61
15 22
9 43
13 18
75 87
79 92
16 80
36 37
13 40
51 95
39 39
24 100
23 39
51 71
42 83
42 53
27 43
8 52
21 26
7 16
95 100
68 98
26 85
4 39
54 76
15 33
44 84
34 38
6 8
36 99
89 91
33 92
15 100
36 87
4 25
76 93
42 98
43 75
26 98
1 13
3 45
15 46
5 80
32 37
12 67
35 54
27 55
21 39
26 78
2 7
29 51
29 78
24 92
53 69
21 65
24 70
36 62
21 41
52 92
56 78
19 64
9 25
42 99
19 98
25 56
53 72
1 7
31 50
24 83
19 96
40 99
60 71
27 92
19 53
82 95
65 74
34 45
87 90
33 39
9 57
29 94
13 52
43 81
2 56
20 77
28 51
11 22
37 87
39 65
11 55
20 80
17 76
17 66
55 98
11 55
58 100
70 91
52 71
53 65
26 93
24 29
20 34
2 7
18 22
29 97
28 69
8 55
73 85
71 91
22 77
1 79
29 92
1 80
14 65
84 92
9 59
20 29
21 44
65 87
83 90
17 93
1 3
39 72
25 94
29 99
23 30
51 77
29 73
38 82
45 65
29 54
75 100
18 82
68 72
61 82
2 75
57 78
1 27
3 95
24 46
1 20
30 53
70 77
3 58
3 14
67 95
56 93
89 94
10 66
8 92
61 78
18 55
17 44
7 12
5 46
35 99
24 39
28 94
67 85
32 48
15 39
26 46
59 72
34 69
89 93
60 66
54 77
22 73
31 72
33 69
19 35
59 67
9 94
4 75
31 51
7 69
17 84
15 76
55 100
43 44
55 93
61 98
33 83
6 19
4 63
74 98
22 93
8 31
11 38
57 68
13 63
30 37
3 47
53 57
54 100
46 48
6 8
88 95
66 92
54 93
18 69
3 42
10 10
24 48
72 81
37 67
55 95
41 66
57 74
11 46
25 93
8 30
52 55
43 69
20 61
88 96
30 51
29 92
5 12
36 91
57 85
72 79
12 89
20 72
17 62
82 86
61 90
12 67
35 44
15 54
1 47
2 76
51 82
19 63
9 86
50 70
18 21
1 29
61 72
22 100
40 82
59 100
23 25
11 18
59 64
5 32
64 85
32 67
51 66
4 81
30 59
25 76
25 50
56 62
8 48
83 87
89 93
63 86
17 96
27 32
11 15
31 75
62 99
16 93
12 73
19 23
2 96
3 50
6 20
64 68
65 98
5 54
90 92
6 67
39 50
32 50
14 64
14 76
27 68
29 91
40 100
13 93
14 47
66 95
10 71
35 85
7 39
39 96
57 82
20 53
6 36
69 69
1 96
27 34
15 15
54 69
66 81
12 98
47 92
17 77
1 62
52 59
42 52
6 85
10 99
4 4
25 45
25 97
20 58
35 76
24 44
40 89
38 77
23 100
29 81
34 91
42 42
92 93
36 98
34 77
7 32
4 89
13 56
28 100
23 27
14 46
53 71
35 47
42 86
21 23
11 14
55 56
5 99
40 47
75 96
55 73
7 61
14 58
9 26
41 100
36 54
45 58
31 59
4 100
17 24
30 74
81 86
85 90
80 83
27 29
10 53
68 81
66 90
81 91
51 74
38 90
79 86
37 95
17 50
33 89
14 25
10 62
47 98
26 100
33 80
4 42
33 85
9 98
26 41
40 76
66 81
13 45
59 66
33 82
8 73
32 66
80 87
33 94
77 93
9 10
65 72
2 56
1 10
5 27
3 44
54 68
19 24
42 64
77 97
23 85
21 41
7 68
20 61
48 91
5 52
9 29
10 17
17 84
72 89
74 95
49 84
60 93
57 67
1 43
5 75
25 79
15 99
34 84
26 59
34 64
42 78
44 46
27 51
14 22
9 67
3 47
9 92
62 75
48 62
4 69
36 100
28 51
11 98
8 36
69 89
23 66
62 66
13 63
45 76
63 86
36 85
44 65
26 76
70 75
87 91
75 78
5 90
39 77
64 68
46 56
21 85
46 73
86 87
58 82
14 96
45 50
9 80
45 55
67 87
25 81
57 58
46 99
14 27
33 36
81 91
40 75
53 64
20 39
30 50
64 72
16 77
56 65
61 77
62 63
27 42
39 83
51 90
64 80
15 16
58 97
36 48
32 100
4 100
1 90
62 85
13 16
29 32
57 68
81 93
19 71
10 74
24 54
85 99
14 87
35 100
24 99
7 23
50 74
10 92
46 74
5 42
33 58
73 77
42 65
9 12
36 82
21 41
5 19
25 44
76 85
8 30
52 74
14 76
76 77
3 67
23 73
44 83
7 16
11 48
20 33
20 60
53 80
10 60
51 84
5 35
34 60
85 94
38 59
12 14
30 86
16 59
52 59
59 93
3 27
6 59
65 74
27 78
89 97
36 47
72 92
33 83
25 26
20 62
31 36
22 28
13 43
32 64
24 54
22 80
78 80
52 90
19 44
30 40
7 17
30 38
8 70
13 84
47 84
83 98
25 66
56 78
19 39
42 72
15 62
3 91
44 94
90 94
23 62
68 81
19 91
98 98
40 62
34 87
31 45
21 62
28 55
40 73
33 66
79 97
47 51
21 41
15 95
8 82
62 89
76 80
25 32
29 72
38 62
10 82
44 82
43 98
9 34
23 26
19 66
4 13
21 76
5 15
38 90
23 31
50 99
10 31
26 90
2 63
4 63
47 96
44 90
52 97
19 24
41 77
32 89
5 61
7 61
28 49
2 98
79 97
40 51
28 79
32 81
84 90
37 94
37 83
26 31
1 88
16 49
42 89
98 99
49 57
59 76
56 57
29 35
4 79
26 82
7 58
13 99
6 42
24 35
13 42
54 81
54 65
48 58
94 98
56 95
7 14
22 63
21 51
25 50
75 81
6 39
19 81
23 37
24 76
18 98
4 36
50 100
9 50
3 58
13 47
53 97
70 78
16 98
20 65
1 22
80 91
39 72
27 98
25 46
43 50
85 94
44 98
7 37
93 94
9 91
57 58
35 44
11 26
32 98
6 27
17 98
85 88
34 40
66 85
58 68
52 80
52 77
40 47
35 39
85 95
29 42
3 24
28 81
34 60
12 78
17 27
1 29
20 66
31 86
5 43
36 98
2 46
64 92
51 93
78 82
45 63
19 48
47 86
28 72
5 58
26 35
15 83
48 78
35 63
30 91
57 80
3 26
41 81
46 73
80 91
2 36
21 42
35 79
14 19
50 76
37 70
52 53
30 51
85 99
80 92
75 100
52 59
2 91
45 100
35 64
65 79
22 72
8 37
50 55
21 52
82 90
34 88
38 41
15 91
6 23
49 71
6 81
53 59
72 97
10 87
40 83
3 57
11 40
61 64
46 85
64 80
51 74
65 67
80 88
9 62
37 79
63 94
12 15
5 83
14 63
45 69
6 71
1 16
17 62
8 28
1 91
26 39
3 93
33 44
34 53
71 94
8 83
16 94
20 74
28 36
86 96
33 91
67 85
58 80
1 38
53 87
28 77
21 31
74 80
53 65
78 98
13 35
3 58
31 58
22 86
19 59
3 81
1 99
59 87
79 88
17 96
75 92
22 94
25 47
48 51
77 89
1 76
58 89
47 78
40 51
10 32
10 64
10 12
63 99
20 41
38 67
9 29
2 94
3 40
50 78
67 91
26 43
42 67
19 52
13 91
69 96
30 53
59 64
21 92
11 14
13 51
74 78
32 71
27 34
5 62
4 35
12 71
46 64
78 97
34 42
40 54
89 92
48 84
55 75
20 69
37 85
66 71
2 58
84 88
50 87
73 88
10 53
37 51
25 66
10 47
8 38
48 64
29 99
36 95
15 25
4 61
26 99
8 27
14 80
18 91
15 31
68 91
27 92
17 70
16 92
51 78
41 54
34 99
39 45
15 69
11 24
9 76
50 54
29 68
59 67
34 98
41 88
1 32
22 66
10 100
37 78
42 60
10 70
28 61
55 96
65 75
20 50
21 26
3 93
1 22
3 98
43 55
7 38
3 27
78 80
12 16
24 55
10 25
37 85
85 91
11 84
55 56
33 61
15 75
27 77
32 88
25 94
62 74
52 52
16 31
28 30
84 99
3 60
60 87
48 96
31 78
7 85
19 86
12 69
33 45
39 73
63 76
2 66
70 76
53 91
82 100
50 70
18 24
9 29
11 56
25 40
83 87
24 24
1 44
85 87
25 88
16 57
39 75
14 69
21 44
57 95
55 78
24 45
2 53
52 64
28 61
3 99
10 78
10 22
8 21
60 95
3 85
23 75
43 77
72 89
16 97
22 67
26 63
27 45
15 96
27 90
44 76
25 85
21 98
47 93
58 93
42 53
79 95
16 24
56 74
89 95
13 52
62 78
6 75
42 56
53 98
20 28
41 45
14 65
11 42
6 99
3 10
92 97
8 89
62 72
63 67
2 67
31 63
58 96
51 68
51 72
70 100
93 100
64 66
6 8
63 74
28 58
50 73
13 24
57 96
71 74
14 75
37 96
32 37
5 56
35 55
27 34
77 78
26 42
83 93
18 49
7 98
22 45
8 21
34 64
7 68
34 81
23 33
28 69
6 33
40 76
2 39
15 26
32 51
9 24
57 86
42 83
15 86
4 22
6 37
25 37
23 95
27 57
45 85
47 50
22 69
7 42
67 75
6 74
69 82
6 30
23 90
57 88
43 60
18 30
31 67
25 42
41 99
3 85
49 83
51 86
22 79
9 97
45 82
54 66
15 83
5 71
11 57
17 61
5 90
34 36
8 75
48 60
15 73
7 32
63 70
9 37
18 48
33 45
38 51
62 66
73 84
29 70
46 82
45 51
71 78
79 86
5 97
77 78
11 62
26 36
31 44
30 62
13 46
26 64
39 83
7 81
23 50
36 68
80 83
5 70
10 55
14 83
4 13
14 42
74 77
4 91
4 21
33 85
1 63
48 84
1 28
23 90
29 77
11 43
12 57
16 18
19 50
22 31
62 72
35 87
49 78
21 90
75 81
53 82
1 37
17 37
28 58
12 57
6 87
19 43
34 69
12 87
42 84
8 97
47 65
13 32
21 24
33 56
38 47
35 89
38 57
17 24
35 67
25 53
44 92
60 95
6 77
12 47
6 99
9 63
52 92
27 28
12 12
11 35
23 49
38 45
32 68
55 98
31 54
45 50
74 96
3 5
3 53
51 66
8 74
12 65
17 92
38 81
24 56
4 91
35 99
30 94
55 100
27 60
30 76
5 56
23 61
58 75
63 75
70 77
1 41
17 33
23 85
40 97
46 87
44 95
40 74
73 80
39 51
39 69
43 78
76 100
55 85
17 74
50 59
39 59
43 71
76 79
24 45
70 91
11 64
36 86
11 56
15 94
5 61
14 39
89 100
38 54
64 73
71 84
61 65
7 42
69 83
28 37
6 93
55 70
22 55
77 90
17 56
70 78
36 60
59 68
24 57
13 49
20 35
32 37
47 73
29 95
32 94
8 86
37 77
10 40
29 84
86 100
8 36
29 95
43 96
18 54
5 18
66 76
4 49
12 50
7 74
67 78
38 86
4 26
14 43
36 97
23 73
49 58
29 32
52 74
25 57
44 81
26 61
29 56
10 68
35 78
56 74
1 63
4 93
58 88
75 98
20 55
48 55
29 79
32 83
5 59
41 100
39 66
47 60
21 95
14 72
39 55
7 79
53 71
40 62
29 59
35 67
30 66
10 41
23 44
42 100
34 82
24 51
11 47
41 70
83 83
65 90
43 73
25 96
10 66
17 46
68 83
32 50
48 72
43 59
46 52
79 95
33 45
3 32
7 72
24 42
7 88
31 31
31 78
56 96
24 87
7 93
6 24
5 8
66 95
47 92
41 70
2 71
25 38
44 85
9 96
54 85
67 96
78 85
45 92
25 83
15 17
41 72
40 48
76 86
22 66
35 78
15 100
52 88
24 73
47 71
32 33
25 28
50 61
6 94
52 82
18 77
69 99
89 90
17 64
76 82
5 37
51 68
4 55
27 54
53 79
11 97
36 73
39 85
85 96
36 79
7 29
5 27
75 93
17 43
8 44
45 76
43 100
3 47
1 98
28 81
29 53
39 88
2 29
24 86
2 24
4 74
30 60
31 87
23 99
29 30
5 94
26 93
73 99
47 96
25 27
24 29
14 55
8 68
42 91
17 46
71 93
4 20
2 100
22 90
71 100
4 45
27 29
25 37
53 83
73 77
48 61
5 16
61 72
2 75
20 63
7 70
89 90
10 42
52 91
42 63
18 74
87 100
23 99
51 76
48 58
18 28
32 47
7 85
4 12
18 60
29 31
24 73
70 85
14 60
28 88
1 61
39 98
12 96
14 88
46 71
73 87
34 40
57 77
12 92
52 88
29 70
32 52
1 42
7 88
12 76
65 87
84 88
3 100
16 79
24 39
38 77
49 78
5 10
54 54
16 41
57 96
10 88
4 99
41 86
4 62
48 61
1 68
31 71
9 100
38 38
76 85
14 33
53 76
58 89
56 81
37 50
11 51
49 76
66 68
28 86
72 99
39 75
6 99
50 61
66 99
39 50
4 74
34 78
22 79
59 87
29 36
31 47
23 98
31 64
17 90
13 91
15 65
52 65
22 64
14 88
52 62
87 89
23 55
16 86
2 96
77 96
43 89
7 87
17 38
50 58
40 54
20 71
56 74
30 36
37 49
51 69
52 57
6 89
31 57
43 79
10 39
55 99
33 61
1 85
86 98
3 58
77 80
74 84
9 53
13 42
57 81
60 92
32 90
18 20
60 88
98 98
4 50
34 96
32 65
14 34
44 69
17 97
75 90
80 80
45 51
21 59
25 64
19 66
36 95
35 86
35 47
32 97
39 79
55 82
62 68
68 82
36 63
37 78
57 78
16 28
1 36
38 78
56 99
43 46
43 80
80 90
63 67
38 57
19 41
11 54
30 86
35 48
12 18
37 95
20 52
73 74
11 40
38 50
19 44
35 61
14 76
42 50
39 76
68 98
58 60
21 95
55 89
6 95
18 31
38 52
34 77
10 73
11 40
58 63
6 97
70 81
63 72
74 90
10 23
10 67
30 82
14 71
8 37
6 28
32 90
23 43
4 8
47 48
10 66
56 72
26 58
4 72
49 78
58 62
23 52
34 77
52 90
40 56
49 83
90 98
66 92
64 74
11 96
13 72
72 80
30 36
40 57
1 5
14 69
20 62
36 38
5 40
60 79
31 79
28 95
60 68
20 32
67 85
57 94
66 79
15 88
44 95
6 47
74 100
13 13
45 48
50 51
39 81
61 70
55 60
27 49
15 68
10 99
4 34
7 65
69 94
15 79
84 89
61 88
9 73
1 5
3 73
6 11
35 67
32 94
21 81
73 87
48 82
34 86
44 85
53 98
28 38
19 78
63 80
18 23
4 70
27 28
72 85
6 91
22 51
52 71
24 54
54 58
5 95
39 42
38 88
27 46
15 65
5 29
22 96
51 51
29 43
14 79
13 21
15 71
74 94
48 86
95 97
1 54
39 89
47 78
26 92
5 92
56 61
3 20
22 34
54 76
2 84
41 67
4 63
33 97
37 70
44 85
64 96
4 90
36 86
34 63
28 38
35 54
25 50
38 83
91 98
10 52
50 74
70 77
2 12
25 100
69 72
35 85
16 26
2 91
24 62
64 89
13 70
23 62
12 46
44 96
2 5
27 47
6 16
3 69
17 80
21 88
5 48
15 75
17 82
16 43
32 40
4 83
1 58
17 46
12 69
41 71
68 87
25 49
2 4
71 93
13 83
10 30
69 84
44 51
12 52
43 45
28 43
46 95
62 85
40 53
25 33
75 92
19 24
16 73
27 61
9 43
25 52
46 90
85 88
39 96
48 92
82 90
19 79
36 55
28 41
8 65
34 60
9 30
24 57
2 35
36 44
61 95
48 84
6 35
21 53
68 73
6 44
10 15
45 85
69 77
28 72
41 83
49 62
13 70
14 25
57 60
10 51
57 72
77 87
7 91
15 81
26 77
21 35
57 91
32 59
33 55
25 39
38 100
50 74
21 50
63 77
9 72
28 81
66 80
9 70
24 90
49 85
57 66
8 36
65 67
18 97
21 56
21 58
46 55
59 76
74 95
52 56
31 97
36 77
96 96
19 46
37 82
20 54
55 90
54 61
73 79
2 93
23 34
3 41
13 20
15 68
71 86
70 83
2 57
11 49
52 56
20 41
39 90
79 94
45 55
17 85
33 86
18 61
15 60
58 80
28 77
46 65
48 67
49 99
9 23
26 49
17 68
6 66
58 60
36 54
66 72
50 70
58 83
67 69
49 77
28 100
45 53
93 100
11 43
85 100
1 52
20 63
20 80
77 78
12 91
31 56
53 84
5 93
24 87
35 61
61 100
4 63
7 57
4 20
49 55
52 56
55 70
71 75
47 50
4 92
11 34
46 48
4 38
38 76
27 50
11 78
25 62
71 82
31 37
79 90
45 91
31 46
15 53
16 72
75 100
7 62
6 60
7 98
10 96
73 88
35 97
18 59
59 99
29 89
70 87
20 77
2 66
32 74
45 54
5 47
6 71
31 66
11 72
72 80
4 19
16 60
39 77
74 97
27 54
13 38
57 75
40 41
10 67
63 72
63 70
20 34
75 85
64 86
9 95
27 57
68 98
36 42
67 96
22 85
22 72
46 86
30 79
38 39
9 45
53 59
72 78
53 92
7 57
17 90
1 46
43 99
14 37
61 86
55 70
79 83
20 43
24 72
61 98
10 94
21 63
5 99
48 86
3 42
55 92
7 58
53 89
54 57
41 95
15 95
64 97
7 73
49 68
18 30
40 61
11 34
15 54
32 39
63 86
33 69
42 77
27 65
36 46
19 86
30 33
33 45
57 81
3 100
5 33
17 18
24 28
29 51
34 94
8 19
3 71
28 47
7 45
63 90
33 42
23 28
17 60
19 49
16 22
49 73
6 65
42 81
44 44
61 90
29 79
97 99
77 82
78 97
59 83
19 24
44 46
12 98
57 68
25 61
41 61
46 49
25 90
21 78
33 38
10 13
17 58
11 50
7 34
16 79
65 97
60 91
40 95
3 72
8 84
27 48
44 75
46 68
16 23
40 100
1 61
12 29
22 59
30 44
8 28
45 60
2 56
2 56
27 42
1 57
10 83
48 53
10 93
73 77
64 68
77 80
40 65
8 23
14 89
66 93
48 77
37 55
31 45
24 57
13 71
24 33
47 71
8 37
16 61
83 85
13 25
14 89
4 21
17 63
61 80
10 60
9 98
14 39
22 42
62 65
85 86
85 97
7 85
74 92
28 46
8 22
21 40
10 96
24 93
5 12
3 21
11 64
71 78
1 12
62 99
37 76
24 98
21 57
12 61
6 30
90 92
27 83
10 88
55 78
63 90
59 65
23 62
28 32
28 52
44 50
42 71
38 39
47 58
7 95
22 77
13 64
42 66
27 95
73 81
33 43
14 92
59 75
38 66
7 17
2 66
18 59
56 72
49 70
13 44
34 76
72 91
89 98
84 93
15 64
17 100
30 58
17 91
4 56
10 54
71 72
11 89
35 81
30 96
4 9
32 73
94 96
44 74
58 84
36 50
4 73
31 49
33 91
88 99
4 46
69 98
27 60
7 10
5 46
36 50
60 65
11 33
6 55
54 90
15 41
88 92
44 92
28 70
20 83
15 80
12 23
49 49
10 24
8 69
14 43
31 70
2 55
41 61
46 60
26 51
86 94
13 81
34 85
8 67
22 53
28 99
86 99
28 61
8 35
29 73
30 51
3 84
4 95
44 63
40 46
25 89
39 53
5 24
39 64
42 43
40 86
22 23
38 50
45 83
36 63
17 70
13 72
17 100
67 96
31 58
71 93
32 83
39 76
7 66
55 100
8 40
40 82
29 62
83 96
18 26
58 95
23 35
18 86
36 91
33 73
78 94
28 44
9 71
18 67
36 72
66 95
57 63
76 76
38 58
63 71
28 81
9 14
3 26
51 93
14 36
59 65
13 60
73 86
30 55
17 91
8 27
64 89
65 91
17 54
1 87
28 68
67 76
21 93
53 95
18 65
30 30
76 94
13 41
23 66
8 68
39 94
16 54
32 34
45 50
45 85
52 89
7 24
27 68
28 31
62 92
44 49
24 73
14 37
37 55
36 56
26 62
1 77
34 80
8 76
36 44
20 76
95 95
73 82
61 62
23 56
4 53
18 77
55 79
42 67
61 77
22 22
22 55
51 86
8 58
43 61
2 32
48 70
26 51
21 39
12 28
13 16
31 31
61 92
34 37
28 97
49 62
18 68
68 71
5 78
65 78
31 72
41 48
73 78
43 50
54 63
76 77
21 59
6 65
20 42
47 50
63 90
7 95
17 83
27 87
4 94
17 52
34 99
57 63
24 100
13 38
5 41
13 78
70 100
19 94
43 63
52 65
11 57
11 39
28 37
26 73
29 40
25 90
27 98
2 87
49 51
6 92
4 92
83 91
26 76
61 88
25 70
26 40
50 87
14 17
38 42
29 39
28 70
48 53
77 91
2 26
42 93
31 85
65 96
21 27
87 92
61 61
52 63
38 49
53 54
15 90
53 95
16 18
22 32
8 64
17 64
5 85
9 15
41 56
67 79
29 70
53 89
15 82
20 92
16 44
25 30
33 72
2 34
65 87
2 75
24 38
9 18
78 95
35 75
34 54
54 62
6 75
2 9
73 93
80 88
4 36
17 20
2 75
14 73
18 47
41 67
36 37
1 30
14 76
17 47
70 81
7 60
61 75
15 99
53 94
40 86
50 54
59 76
55 83
41 72
8 29
65 65
44 65
9 46
62 92
8 24
67 83
10 31
80 97
8 84
43 94
24 92
34 99
54 67
8 69
25 97
41 67
13 62
6 11
49 70
24 29
7 73
55 96
27 68
3 75
10 45
20 85
19 36
55 71
24 39
14 48
80 87
41 52
93 98
62 62
37 46
70 91
38 43
24 62
16 27
25 37
8 23
11 62
26 84
49 65
22 30
49 60
9 89
1 11
24 86
14 83
56 61
53 55
28 45
17 60
5 6
29 37
12 50
39 90
33 55
54 90
38 84
13 44
76 78
15 96
9 99
11 50
2 17
13 66
29 34
35 73
38 61
1 15
10 53
42 90
7 80
47 90
11 69
33 99
28 86
13 37
62 88
47 56
15 64
69 96
49 93
82 86
53 96
14 39
28 48
6 55
1 7
28 95
63 79
26 49
58 90
85 97
4 83
18 53
73 99
13 47
46 65
69 85
23 41
82 88
2 88
45 61
39 40
2 88
13 69
2 78
54 86
57 75
21 79
27 71
51 91
17 67
37 53
77 87
68 75
17 77
7 61
37 46
52 76
20 99
1 40
93 98
24 38
2 58
2 28
4 28
18 97
54 70
49 56
76 83
75 99
52 81
11 40
62 78
15 76
34 54
76 83
14 98
58 99
23 59
3 26
14 96
35 99
1 99
42 83
68 74
25 33
44 48
16 77
30 57
4 42
32 35
24 33
45 81
19 31
9 91
4 21
4 71
4 90
31 70
39 43
71 98
20 97
35 66
23 25
17 29
51 64
40 60
35 56
18 72
26 63
26 47
18 81
60 69
84 90
74 90
33 40
4 45
10 36
38 61
6 84
41 100
57 100
43 91
7 62
32 60
37 76
30 46
69 99
5 53
88 94
72 78
22 33
21 75
65 84
19 33
70 73
18 78
8 24
21 30
22 32
61 97
21 91
42 89
41 46
80 93
71 92
4 76
30 44
27 96
80 94
46 64
15 52
75 93
65 75
4 96
17 97
69 92
59 86
51 57
2 83
74 82
72 85
2 15
15 49
60 94
29 39
75 80
5 68
7 79
32 62
74 80
18 78
48 88
3 57
38 85
58 72
11 81
12 56
22 95
40 60
82 88
8 30
20 35
75 78
13 59
39 39
38 69
38 56
10 56
46 46
3 94
56 69
24 83
29 67
79 98
31 69
18 98
37 38
65 84
14 97
5 23
12 87
42 73
1 80
46 51
77 96
45 100
4 82
21 22
18 63
83 100
18 100
32 37
6 16
20 53
27 64
50 76
39 48
43 91
27 45
37 56
36 92
95 100
70 72
17 84
16 41
40 66
85 97
29 91
64 81
27 62
8 37
28 98
36 70
14 40
14 76
6 69
21 64
52 85
68 92
33 68
36 85
20 72
33 100
62 97
23 33
40 75
3 11
46 89
24 28
60 90
28 56
71 95
46 48
55 92
66 74
1 24
10 47
42 72
34 47
31 90
56 65
19 70
10 19
42 64
23 37
44 83
3 77
2 14
20 75
92 93
68 93
2 92
15 63
13 96
48 85
43 56
1 64
19 74
37 73
13 61
12 95
5 66
18 24
19 50
12 38
41 82
31 84
45 84
79 98
46 57
15 99
1 16
26 62
86 86
14 50
25 47
51 97
20 42
61 68
21 57
24 61
39 54
44 74
41 99
4 7
18 38
38 58
71 85
63 71
57 77
3 72
53 68
5 95
39 72
7 59
30 81
19 71
35 66
33 44
7 47
92 96
16 49
1 34
19 48
23 75
76 94
29 29
33 62
75 100
33 57
11 37
62 81
7 96
50 99
57 81
24 48
52 63
72 85
42 63
85 85
60 69
79 97
40 92
30 66
38 43
5 98
11 74
32 38
36 59
33 91
80 92
14 43
42 85
5 80
64 78
41 46
71 75
43 67
24 62
32 57
30 61
61 86
92 98
17 50
33 49
24 40
28 53
19 21
89 98
25 67
13 18
12 87
6 88
2 53
29 37
41 58
18 66
26 57
68 94
59 100
94 98
21 76
3 94
91 94
70 91
3 9
21 87
41 75
26 46
7 28
82 85
47 99
54 73
7 21
18 65
12 21
15 96
17 84
77 89
31 59
47 68
33 85
25 40
17 59
22 86
23 55
22 22
5 76
12 94
11 96
28 68
42 74
15 58
10 55
34 69
37 80
21 88
27 65
23 98
71 95
9 70
26 82
30 91
57 84
5 93
21 46
20 24
62 91
24 29
62 97
34 92
31 94
54 58
3 57
3 80
40 74
51 72
22 62
30 80
73 97
34 43
10 45
6 14
42 100
81 96
55 72
48 81
2 35
5 10
37 89
13 62
76 84
12 49
44 98
79 94
64 68
12 88
53 73
24 69
46 50
1 72
52 73
48 75
38 53
36 79
89 100
16 40
4 36
33 65
95 99
26 66
10 66
35 77
18 97
58 64
46 81
19 64
63 85
22 45
32 67
7 100
32 92
23 67
39 47
45 51
28 85
62 94
90 93
28 63
38 86
26 32
18 41
2 2
3 46
70 76
27 77
60 76
50 70
16 78
28 40
12 24
8 73
18 52
62 97
14 48
34 91
4 31
31 32
5 86
32 77
5 7
34 59
28 65
84 94
75 96
7 22
81 99
32 68
32 93
64 98
92 98
22 88
1 71
53 57
8 81
14 41
38 51
2 47
30 82
25 95
57 68
7 84
15 100
32 74
7 37
29 99
68 86
38 72
25 90
95 97
35 57
10 94
9 37
47 66
42 94
50 91
13 74
13 56
81 88
44 46
24 70
55 96
43 68
33 93
39 44
29 100
25 91
46 61
51 92
26 92
37 68
50 94
1 41
62 80
57 82
51 78
32 73
57 74
40 49
58 83
87 87
11 35
29 80
23 79
23 49
60 70
15 16
9 61
16 22
88 97
17 78
61 99
55 90
34 81
44 56
16 42
30 50
5 58
27 81
55 88
27 57
43 66
26 72
39 51
47 90
35 76
7 85
48 88
39 74
28 46
17 43
40 98
44 96
55 76
22 94
1 31
2 96
43 73
45 74
63 72
86 97
44 100
33 87
24 91
60 71
69 76
8 13
9 73
3 79
77 84
14 72
74 77
62 71
35 98
61 67
4 58
9 57
94 100
42 44
17 55
12 37
31 77
45 55
85 99
68 86
27 57
34 55
47 82
32 77
33 95
44 90
52 99
47 98
42 97
13 39
3 96
50 78
46 79
15 33
18 96
75 82
26 67
8 29
13 58
45 91
34 52
35 50
33 37
34 99
38 74
69 98
47 92
47 70
31 44
84 92
17 48
66 73
36 94
32 48
22 51
55 93
7 79
4 44
3 11
77 84
74 92
35 52
50 73
4 68
39 80
59 79
7 24
4 42
35 70
42 72
9 34
15 26
12 30
10 22
84 86
27 57
12 60
61 84
10 16
41 51
6 62
12 20
23 85
6 54
9 47
17 26
32 51
84 95
32 93
16 67
24 31
42 93
53 83
77 92
20 79
25 33
40 52
77 89
26 94
30 34
7 92
23 51
10 86
17 41
30 84
60 60
7 52
41 53
57 81
33 76
12 17
51 53
20 41
27 45
9 86
77 78
67 80
51 76
17 19
47 69
2 28
58 60
11 79
87 100
43 84
54 63
52 67
23 57
7 83
67 92
43 97
10 20
28 70
45 85
53 88
41 43
32 100
11 52
3 62
5 97
11 87
58 90
14 77
13 35
31 49
78 91
79 97
52 59
66 89
3 5
41 45
73 97
48 96
35 58
51 83
62 89
46 71
30 74
37 42
61 85
25 38
27 55
35 79
13 52
67 67
57 59
5 63
59 83
53 69
55 68
4 29
43 49
51 72
74 87
34 66
42 71
50 72
58 96
28 61
9 46
17 27
56 90
22 91
26 100
59 67
62 80
22 47
62 97
45 88
10 84
6 21
3 44
51 55
1 34
10 11
37 79
26 87
78 99
77 77
24 35
3 95
41 49
10 76
21 38
21 97
70 82
78 85
13 33
14 35
66 97
75 97
33 52
63 83
51 59
26 91
45 86
29 93
26 56
55 63
3 76
10 35
13 24
37 46
32 97
2 14
28 28
10 12
44 79
74 81
2 65
7 99
50 87
27 91
42 97
70 90
52 76
75 79
24 40
36 63
16 55
2 34
11 43
22 45
19 55
2 8
8 35
6 36
46 49
62 88
3 97
48 57
79 87
23 70
10 37
16 58
53 59
49 95
45 69
16 75
15 70
49 83
29 40
75 84
88 98
14 85
22 100
30 84
8 58
17 100
9 95
47 84
67 84
87 93
28 61
43 62
30 96
10 91
27 35
75 84
24 49
11 75
70 94
5 77
4 52
45 98
28 64
30 96
63 88
16 91
29 48
29 33
75 76
39 63
53 74
28 37
23 47
3 92
7 92
21 43
62 65
25 92
45 87
6 7
73 75
74 97
2 81
29 55
8 45
60 91
27 70
88 92
25 42
36 69
8 48
11 61
55 72
37 68
41 42
67 75
14 23
67 93
4 47
11 96
43 86
12 22
61 65
41 56
2 43
9 49
50 72
61 73
26 97
18 41
38 67
4 85
77 89
44 70
17 75
6 17
28 55
28 71
83 88
42 63
25 72
26 90
3 95
72 99
91 99
89 89
25 57
44 97
1 65
27 41
46 82
43 88
25 71
58 65
5 20
6 82
43 47
7 89
5 49
60 100
1 47
3 40
77 83
78 100
92 99
32 56
37 99
14 19
21 76
25 78
83 96
6 90
65 81
30 79
21 38
68 81
20 90
67 70
21 54
4 96
12 51
1 36
1 54
14 21
30 91
77 98
3 25
5 18
19 96
40 86
18 86
7 75
76 89
93 94
49 88
60 98
33 91
60 91
38 73
64 67
15 61
91 95
13 15
34 48
33 60
45 73
3 79
72 91
6 64
6 85
4 82
66 94
66 77
3 36
50 99
16 22
11 68
7 78
6 80
11 40
35 90
36 92
7 65
22 83
67 71
28 74
93 100
19 65
6 69
67 70
40 57
38 67
8 96
44 87
1 6
78 90
14 40
4 82
64 72
26 42
53 82
67 81
85 97
17 45
63 91
47 87
24 55
62 65
9 19
71 100
14 78
6 60
41 43
9 14
56 86
8 37
74 90
69 86
11 13
1 3
28 41
82 99
16 63
43 86
23 94
56 89
15 23
17 94
8 54
31 63
40 90
52 81
20 63
19 73
73 85
25 64
13 75
28 45
39 90
12 65
20 84
7 100
45 86
23 93
5 99
8 90
59 94
9 22
30 40
14 33
10 12
76 77
73 84
55 73
19 63
37 47
38 88
24 53
27 33
68 83
32 75
24 25
45 85
15 85
18 85
28 48
27 57
10 24
29 78
35 44
71 97
42 86
10 46
9 94
29 72
3 76
3 51
80 88
64 96
2 32
33 81
59 79
2 89
18 69
32 55
13 28
54 77
13 86
74 99
22 80
2 7
56 77
56 58
5 95
48 71
4 36
14 29
17 62
68 82
86 99
50 88
64 78
3 42
2 53
33 67
27 68
3 39
48 76
10 70
32 52
18 39
35 46
5 49
14 72
52 82
22 70
1 51
56 85
86 92
59 60
18 86
9 78
40 53
8 49
23 60
81 92
50 67
37 54
2 67
49 77
5 98
6 70
6 48
13 92
44 72
50 61
10 79
21 49
29 32
6 50
30 40
89 97
48 85
15 43
19 38
15 43
36 69
48 68
41 60
59 84
60 83
44 97
17 39
22 93
42 97
27 36
23 75
25 70
19 59
36 96
37 50
38 57
37 85
25 78
48 83
61 83
9 95
26 33
26 70
6 74
32 63
10 85
58 86
7 16
4 94
40 63
44 53
49 80
41 73
57 89
7 70
1 23
48 78
55 85
18 90
29 80
73 90
17 30
75 75
78 97
60 68
63 69
17 64
4 95
3 89
44 48
66 72
2 100
14 85
8 83
26 36
14 99
77 82
51 80
56 77
76 80
49 88
51 90
17 84
6 58
50 87
5 10
4 15
63 80
40 71
62 66
58 76
16 35
57 95
37 65
17 23
10 92
65 81
12 33
17 70
55 90
19 94
16 33
50 79
13 89
26 49
6 58
21 53
10 92
29 68
26 90
17 97
13 52
15 49
45 65
35 84
19 54
35 80
29 87
13 51
13 18
23 28
70 81
14 96
42 63
67 94
4 90
7 35
54 83
74 98
48 57
18 84
11 64
49 52
16 92
51 61
30 80
2 36
10 31
51 67
45 60
69 100
1 3
7 54
38 80
3 85
87 88
50 54
2 58
45 50
25 52
5 6
82 93
58 91
23 24
19 94
14 83
18 35
17 24
6 40
42 55
42 95
80 95
33 96
46 52
77 78
35 49
30 33
27 90
1 73
13 18
19 47
31 36
81 99
20 60
4 66
13 45
45 60
8 40
43 77
6 53
53 71
3 40
18 83
7 92
18 56
24 36
2 54
72 82
53 83
8 53
18 48
53 60
44 62
67 90
38 71
9 48
23 39
11 57
55 57
63 74
10 38
12 62
33 44
45 48
67 98
55 66
15 59
25 28
2 43
40 69
16 65
40 48
7 10
48 63
63 64
74 88
49 100
43 85
33 81
90 99
78 97
44 65
41 55
9 23
36 92
52 100
59 99
65 91
8 91
72 79
19 53
4 97
33 67
52 99
13 40
50 91
36 66
43 86
7 61
51 94
4 50
45 62
48 88
7 79
9 78
78 82
26 27
37 46
35 58
71 97
75 98
13 62
50 64
4 70
10 54
13 15
55 59
27 54
5 98
61 75
65 90
8 92
16 45
73 89
79 85
5 95
7 82
45 67
22 57
18 66
28 80
31 82
57 91
36 88
13 96
15 77
22 85
20 52
8 18
25 49
19 92
26 53
71 78
22 86
45 88
3 72
19 85
5 9
40 41
49 53
63 87
24 82
36 53
54 75
51 61
2 4
6 70
81 99
3 29
36 73
38 90
44 60
23 48
15 21
40 69
20 78
53 83
1 70
5 28
65 75
28 78
21 99
1 34
62 97
3 84
44 86
22 81
56 96
76 80
19 62
81 96
49 78
1 85
90 99
28 74
6 6
1 26
4 86
53 79
81 99
36 84
9 77
32 64
44 56
7 70
14 54
2 14
83 87
15 81
42 76
54 81
7 99
7 55
85 92
7 91
17 94
74 93
55 90
62 76
34 85
31 50
33 87
64 69
19 78
46 50
55 71
26 70
61 84
24 53
20 82
43 89
27 68
33 81
9 57
41 95
42 77
81 91
6 9
49 79
50 83
53 76
2 5
17 74
37 97
57 69
63 78
57 97
29 83
39 89
37 83
31 32
60 74
11 20
11 31
13 51
13 26
17 69
43 79
16 85
6 39
24 69
20 20
2 25
13 48
37 93
48 76
19 59
1 81
31 78
80 91
3 95
6 63
23 84
5 8
44 51
13 74
64 84
40 45
86 93
52 78
51 81
5 99
5 9
79 87
21 35
18 29
23 76
91 98
59 96
5 61
69 91
6 35
53 79
45 90
23 48
55 67
71 99
7 53
31 75
45 61
4 63
79 89
31 37
47 76
33 78
8 20
1 94
5 25
21 24
47 94
12 69
19 53
6 82
8 25
22 88
20 91
36 60
24 69
43 97
20 71
29 30
81 92
23 68
46 86
79 89
9 44
91 97
24 27
2 3
41 84
24 55
11 32
15 52
35 57
48 57
28 76
19 86
8 57
87 94
5 27
49 72
14 87
13 45
90 98
25 67
43 90
21 79
53 93
39 73
49 72
29 95
48 80
47 56
39 85
44 49
63 72
49 92
38 88
13 27
37 80
26 51
22 29
74 99
23 74
13 74
59 94
2 41
1 39
48 77
48 85
20 100
20 63
9 48
13 50
35 38
37 92
13 64
14 17
38 90
2 36
16 29
17 61
22 99
17 69
27 54
69 99
53 88
52 61
48 63
64 82
7 100
15 70
19 38
9 28
28 63
10 95
44 70
63 65
20 32
47 85
53 85
89 97
57 92
39 92
8 19
71 72
14 41
85 85
65 79
58 93
2 79
22 52
24 66
43 86
71 97
41 81
23 37
21 67
13 46
5 64
72 77
85 86
69 71
69 99
13 87
56 65
15 59
87 90
25 72
21 84
25 94
54 69
13 26
35 58
39 90
61 74
59 67
36 98
66 81
34 67
42 79
45 84
52 70
28 34
41 69
49 87
54 93
55 58
79 89
21 67
79 92
46 81
3 78
33 35
18 96
26 54
11 37
22 63
6 7
90 98
75 90
20 84
38 95
26 77
78 95
46 57
26 87
54 89
38 56
23 51
7 28
18 76
64 97
32 69
55 73
29 67
2 15
9 48
24 92
34 69
19 79
57 77
57 82
12 97
71 71
14 78
41 99
47 62
30 89
31 43
2 49
16 71
19 50
25 93
10 94
62 64
41 90
20 97
16 72
42 60
25 87
71 85
65 69
53 98
28 98
52 95
17 28
30 67
35 43
22 81
35 53
44 45
16 25
41 96
31 52
69 89
12 76
5 92
3 32
30 44
82 90
10 81
58 99
39 45
12 42
25 46
47 68
71 90
82 83
18 66
58 85
12 34
39 69
1 3
46 93
74 82
14 87
44 83
12 73
5 88
64 85
50 83
32 91
53 66
22 24
8 83
69 79
19 100
59 73
51 52
18 33
24 56
7 46
9 52
31 39
14 15
3 15
49 86
1 58
3 81
22 38
41 53
6 11
52 64
3 84
14 53
37 87
61 84
12 95
26 92
2 57
56 92
24 41
81 93
93 96
13 67
5 85
19 90
16 70
5 51
18 24
10 55
6 15
45 53
26 88
30 80
73 97
20 35
28 65
52 58
64 75
24 59
21 42
48 88
4 63
38 38
21 92
78 99
43 59
36 82
63 82
15 78
36 50
97 100
77 100
3 57
16 32
36 61
25 60
23 39
12 63
35 76
55 74
13 64
46 68
49 50
8 63
27 43
64 76
92 95
27 51
42 94
35 54
59 77
13 51
75 98
25 62
9 17
25 99
18 29
29 70
19 29
44 46
7 72
18 73
99 99
44 68
41 54
69 98
13 62
62 72
33 89
49 86
1 36
73 82
54 94
10 72
5 23
46 69
12 93
62 63
44 82
5 36
36 54
4 48
68 75
8 61
46 60
56 60
81 82
87 93
55 74
10 96
31 59
22 41
3 23
66 83
40 85
1 20
45 57
19 64
79 83
71 94
27 76
6 9
7 98
80 95
52 57
28 63
68 87
61 84
19 23
59 79
58 79
30 54
87 100
18 22
78 88
5 67
66 72
14 24
22 60
25 56
16 83
54 87
2 71
15 76
89 93
34 98
23 63
3 62
20 62
35 91
1 60
25 96
25 61
46 49
4 20
22 88
9 38
39 41
7 31
15 71
51 100
20 74
15 22
76 87
21 94
19 53
21 66
29 45
26 29
42 45
64 84
73 84
24 25
6 12
78 83
28 34
29 47
7 43
20 93
65 71
65 89
69 85
50 54
79 82
75 78
14 75
38 59
13 86
35 49
17 70
78 97
7 50
8 95
15 49
19 52
16 31
59 100
12 53
34 49
42 78
17 60
50 91
27 77
61 62
25 32
3 77
28 79
9 75
9 86
38 41
71 80
5 38
22 57
2 70
42 43
2 48
11 90
37 51
64 66
43 97
26 95
45 75
4 5
41 49
65 89
30 44
35 59
81 82
35 91
2 85
1 77
86 88
88 91
8 76
25 51
46 50
46 50
5 72
2 20
45 67
60 75
10 70
43 61
2 3
4 77
6 87
56 72
45 98
20 59
6 62
7 44
7 45
53 78
49 54
46 49
8 72
20 82
29 32
31 76
5 34
21 86
10 41
44 54
39 55
25 96
16 69
2 74
54 65
3 14
51 60
31 59
10 30
64 90
40 61
20 94
5 96
5 66
62 98
10 36
16 34
83 83
54 84
19 56
10 90
49 84
12 42
21 31
23 47
62 83
82 86
28 33
38 46
35 37
7 98
22 74
31 56
37 56
40 63
7 29
72 90
29 83
59 83
5 55
5 16
39 42
49 66
74 87
62 63
69 73
47 59
42 94
2 49
78 93
63 84
21 34
25 49
7 16
22 60
11 64
38 49
58 86
31 66
24 29
45 49
3 49
47 95
48 96
43 73
41 58
8 13
32 91
59 62
21 38
80 100
36 69
48 93
7 66
76 82
46 72
30 46
74 76
40 70
76 83
68 94
40 54
32 82
85 93
40 75
65 72
53 74
22 92
97 98
72 87
80 84
43 61
29 69
69 89
16 90
3 35
35 94
66 88
73 75
11 67
75 99
72 90
79 81
76 93
31 31
62 99
14 94
22 43
14 62
3 63
65 77
63 89
58 77
29 32
1 39
50 99
39 65
44 70
15 72
2 19
17 97
63 63
36 62
5 75
19 50
77 78
18 83
40 41
69 94
23 94
7 25
44 71
13 63
66 86
79 84
76 87
1 53
14 38
89 94
38 89
12 17
15 46
7 34
79 85
59 75
24 33
67 83
56 98
21 32
62 83
57 70
9 37
22 26
10 74
14 19
82 99
14 31
16 27
63 72
47 47
22 70
4 31
86 89
1 20
7 84
15 81
5 70
23 26
48 95
36 66
62 86
44 47
26 99
11 71
57 88
9 69
27 99
15 65
17 37
86 95
18 100
9 56
39 83
34 82
30 69
51 91
49 54
5 86
74 97
27 62
47 53
22 31
86 97
33 45
55 82
27 54
35 52
62 90
69 95
75 99
15 25
20 41
27 74
24 47
2 75
27 60
34 48
10 45
54 71
25 29
56 88
31 39
42 92
11 28
3 86
61 100
1 79
19 52
79 95
51 53
62 96
32 96
41 95
66 92
20 46
42 85
27 72
23 69
3 63
31 100
5 91
83 99
70 91
22 87
16 89
26 63
50 57
45 58
1 49
47 62
3 73
31 99
6 27
19 89
8 49
64 89
39 39
82 98
60 84
55 75
72 80
38 74
47 89
37 70
48 83
20 35
66 85
11 70
71 89
30 52
37 92
28 93
82 90
9 42
26 63
49 68
57 94
74 82
4 43
3 71
5 25
62 74
22 43
24 92
31 75
68 73
18 65
95 100
7 55
84 93
12 69
14 84
58 69
72 96
66 100
74 77
22 47
38 44
41 61
72 87
36 60
5 91
24 85
4 82
48 91
11 17
1 60
24 28
58 71
9 51
36 76
58 85
22 74
1 14
35 87
22 85
75 98
22 26
11 82
53 55
29 72
40 63
24 39
67 81
9 17
41 97
78 92
6 65
58 99
33 79
15 44
6 94
32 90
15 52
13 21
5 93
19 44
33 67
51 57
18 99
40 68
11 14
17 19
28 67
58 76
52 71
24 57
13 64
30 40
17 52
3 21
45 46
29 39
13 48
11 79
65 98
2 30
9 18
48 88
37 75
40 97
20 45
61 96
36 85
1 42
39 44
21 35
11 90
2 63
10 42
64 74
39 66
3 99
2 35
38 71
34 76
10 73
6 58
33 90
45 74
42 83
62 70
18 59
24 32
12 34
25 75
16 59
14 40
66 75
4 15
43 97
59 89
67 94
16 51
35 60
76 76
45 94
63 89
3 65
14 95
19 50
8 89
34 80
73 100
40 54
3 55
82 95
61 100
41 76
50 75
25 87
3 80
43 70
24 43
7 89
38 56
59 78
64 93
57 88
44 63
27 50
60 65
25 44
59 84
8 52
59 90
13 33
54 69
55 63
62 77
3 66
17 62
32 43
6 52
49 72
14 98
30 98
41 58
16 54
57 77
24 35
8 46
66 99
13 53
81 89
35 66
7 83
49 96
1 66
37 100
1 65
87 98
44 94
91 99
11 67
34 55
52 53
51 93
57 70
2 55
21 98
4 36
32 55
52 72
4 84
61 85
47 68
62 82
24 90
60 100
42 67
86 94
30 70
39 96
51 87
40 84
71 76
25 87
59 90
42 96
56 93
26 61
54 60
43 74
33 35
77 95
32 51
21 70
13 66
51 59
51 68
34 38
72 78
14 36
14 61
6 29
7 69
18 22
43 66
17 52
11 28
28 78
50 94
6 98
9 15
9 34
11 94
23 88
36 66
31 75
3 96
64 88
6 61
26 38
54 100
27 78
16 57
5 9
6 54
66 72
14 74
5 24
20 27
11 37
14 37
10 67
40 54
25 100
11 62
11 78
7 15
30 37
15 41
21 90
8 47
60 92
33 49
52 84
46 75
88 89
54 83
50 74
26 60
25 70
54 88
54 80
60 69
27 36
61 77
7 47
84 90
67 69
2 38
65 72
47 60
5 29
6 65
2 76
27 31
18 46
77 80
24 92
45 59
58 70
16 87
64 71
57 82
47 91
62 83
11 82
67 73
10 38
64 72
2 65
10 42
72 73
39 47
16 35
5 85
91 92
52 56
9 13
55 89
55 72
17 17
5 89
14 83
54 78
29 43
7 70
4 30
42 95
10 76
32 77
20 95
75 98
39 75
6 64
12 94
10 87
28 91
50 62
56 80
67 85
26 74
6 29
55 100
23 31
51 62
8 62
36 70
5 97
11 75
12 20
50 74
54 81
30 40
15 47
61 82
83 86
7 41
13 67
40 89
1 43
39 57
60 60
65 92
18 56
19 27
37 100
17 68
53 59
20 99
6 11
40 53
11 49
15 80
20 23
3 66
72 93
22 32
4 65
48 60
35 74
23 78
73 98
78 92
42 56
61 97
4 49
52 53
32 59
33 66
3 20
27 98
64 71
10 68
57 88
74 79
30 56
54 96
5 39
61 83
31 80
36 73
25 31
87 89
5 57
22 59
24 71
37 40
46 94
7 81
2 85
6 83
1 92
89 97
71 92
23 57
2 29
32 58
6 45
62 73
1 46
24 72
9 68
15 61
6 21
8 93
5 98
42 49
30 51
42 45
53 53
6 64
33 74
37 38
18 61
18 51
23 58
26 93
8 83
86 88
31 80
37 47
28 89
30 85
70 81
22 71
33 87
27 65
16 60
3 29
28 53
86 98
27 42
9 63
48 49
49 81
30 95
17 58
1 35
39 57
62 81
30 65
9 48
29 59
24 31
3 39
36 36
40 62
2 77
23 78
2 71
31 58
17 74
4 40
26 79
58 60
40 41
22 39
2 49
24 97
35 85
20 27
22 66
33 98
55 68
69 75
77 84
46 51
9 91
49 86
60 69
43 60
16 100
49 98
46 70
24 54
32 50
25 53
57 68
50 87
64 77
7 40
57 60
21 85
47 85
6 67
1 96
26 48
68 75
37 48
20 71
42 51
21 66
3 40
5 23
26 38
32 81
77 92
14 88
12 87
18 50
5 46
18 31
37 45
57 92
74 77
15 62
27 34
81 82
25 55
50 86
18 92
20 33
61 73
73 85
35 59
15 42
11 32
76 97
47 54
67 72
30 80
8 87
19 66
89 90
25 26
40 68
24 43
56 87
72 96
6 28
6 21
21 89
17 31
29 64
70 82
1 99
13 39
59 78
47 57
33 68
25 59
19 100
82 86
30 74
1 9
35 66
55 73
3 54
17 24
84 93
50 84
44 63
2 22
30 40
59 100
24 62
61 69
3 43
16 98
7 32
66 69
41 72
26 73
96 96
79 94
88 96
14 83
35 58
49 84
64 84
60 77
7 28
1 37
30 34
17 61
85 92
27 64
51 77
41 72
34 46
50 85
29 63
38 68
3 49
64 87
38 46
40 97
25 28
55 97
13 14
5 15
49 93
20 26
43 60
40 97
94 99
25 74
13 44
12 62
46 50
77 84
47 69
71 80
28 96
25 61
41 92
41 66
36 85
66 79
45 63
70 90
13 94
15 25
26 89
35 38
15 27
70 73
1 83
30 44
28 68
20 91
8 11
47 61
26 44
40 77
40 46
29 52
92 96
29 80
21 66
14 48
32 35
14 72
15 35
15 96
35 86
34 45
45 94
43 88
19 20
11 28
8 65
8 63
3 43
76 87
8 53
40 75
46 87
5 74
13 52
47 88
21 37
33 43
38 67
21 38
56 100
48 72
7 62
62 79
4 18
37 64
63 70
3 8
8 59
33 72
11 20
70 99
13 93
32 59
2 4
48 57
3 95
61 81
9 11
12 74
28 62
49 75
24 29
9 84
40 41
50 55
13 25
5 100
83 89
15 90
62 86
40 98
8 78
16 53
26 89
68 80
6 88
17 63
25 87
26 46
17 53
27 29
26 77
17 33
9 99
6 46
3 12
20 86
33 90
21 87
15 18
40 54
8 24
10 69
32 66
49 87
13 18
29 46
38 62
62 98
12 19
24 44
22 81
6 95
33 70
36 78
17 51
26 42
10 25
8 87
73 75
8 45
37 85
74 90
4 50
61 72
22 67
36 95
82 99
20 100
15 77
7 17
48 94
70 94
9 80
36 77
52 85
32 88
21 73
22 61
24 84
34 98
2 70
92 100
51 92
17 19
26 68
13 85
25 78
82 86
57 59
21 60
52 95
47 67
24 60
40 100
73 95
97 97
40 94
48 97
31 67
13 51
44 98
15 20
27 97
5 84
7 77
53 95
80 94
56 71
5 10
7 99
3 82
28 95
43 94
24 25
36 61
27 56
41 85
12 27
84 89
47 47
12 41
92 99
69 86
90 99
5 78
12 89
35 59
39 52
29 62
28 89
49 54
86 96
47 75
87 97
43 58
34 69
32 35
12 21
10 53
10 30
50 66
24 93
83 85
13 28
55 96
45 54
1 61
59 82
75 78
32 45
72 78
1 58
62 64
14 78
40 74
91 95
40 89
15 25
22 42
18 38
43 48
8 14
43 95
18 18
24 63
1 47
53 92
4 53
17 34
42 66
13 73
13 32
52 98
25 38
75 91
39 94
7 69
11 98
16 53
28 80
30 81
21 74
78 85
1 74
11 91
35 94
26 55
6 47
23 84
14 31
10 76
4 78
1 83
41 87
20 68
15 97
40 52
18 37
17 43
79 89
83 85
13 40
8 60
82 97
79 95
5 47
2 55
34 89
3 74
22 75
41 46
19 97
81 88
33 49
30 74
66 80
56 92
5 15
3 54
48 50
32 47
6 86
39 48
26 50
53 65
10 24
42 93
6 25
81 91
26 62
5 64
27 71
48 84
3 85
37 84
20 52
30 57
58 78
47 83
11 79
2 35
20 28
26 95
4 75
29 68
36 83
15 85
53 85
89 98
86 87
24 90
5 54
46 62
44 83
45 61
55 79
15 26
58 61
3 14
36 70
23 94
52 79
37 56
15 86
1 96
20 71
76 90
73 87
55 89
30 33
36 67
33 64
62 73
64 94
38 81
32 34
37 55
44 62
45 76
29 40
52 76
17 59
79 83
3 67
37 84
52 56
20 67
40 81
85 91
29 44
17 77
12 72
25 66
10 67
95 100
27 49
8 98
28 43
90 97
47 79
50 80
86 99
68 77
58 79
23 62
38 78
49 51
1 68
67 73
24 77
14 78
11 50
37 44
78 91
37 92
8 24
86 93
22 53
22 53
62 83
27 100
12 29
13 100
25 97
31 73
44 48
2 50
7 38
45 97
16 37
23 33
60 70
33 68
74 89
35 85
23 63
34 34
86 92
88 98
10 29
12 57
66 72
6 78
3 51
18 26
39 58
41 50
60 79
34 52
19 48
70 87
33 72
3 24
53 57
63 66
27 81
23 52
80 92
82 94
7 82
64 72
17 56
21 47
15 55
62 99
25 37
9 83
8 37
17 85
47 89
21 82
25 56
25 68
6 88
14 69
64 77
32 93
65 84
79 98
19 29
11 95
45 65
4 72
81 88
22 88
22 86
42 63
29 66
16 30
23 95
37 87
29 71
6 70
48 93
3 64
28 65
10 92
61 65
16 42
52 55
63 90
56 76
4 5
22 33
44 72
8 28
50 82
36 52
56 81
10 51
79 96
5 27
22 87
37 70
73 80
44 94
19 62
17 50
71 75
50 99
29 66
6 48
30 94
37 99
1 74
69 99
77 79
25 53
15 94
89 95
32 67
80 88
3 89
29 97
11 98
27 77
78 85
59 76
26 78
3 48
26 46
23 57
47 74
9 88
49 93
34 59
22 33
35 90
38 62
15 73
42 87
1 64
26 76
55 75
1 22
57 78
19 31
34 92
77 94
69 79
43 65
75 79
21 86
61 99
58 75
23 45
23 68
45 60
34 98
50 99
7 7
25 28
13 37
16 66
47 59
1 86
11 17
27 48
37 87
94 98
13 21
81 90
43 50
77 93
28 35
42 94
73 86
18 23
86 86
40 96
25 32
94 96
22 41
29 93
60 90
23 72
62 64
4 5
65 81
49 100
42 60
45 93
10 15
19 52
10 95
47 78
35 94
23 27
15 67
8 26
57 82
18 49
45 53
10 74
74 85
61 96
16 53
40 82
59 62
9 85
68 83
54 86
9 28
33 94
40 75
71 83
19 21
17 53
23 78
7 26
52 86
2 19
90 94
52 52
4 36
12 23
70 97
29 49
13 57
42 84
12 52
24 66
18 82
5 92
18 96
47 63
17 55
17 45
10 68
48 65
55 59
24 87
7 15
16 72
27 65
30 99
28 64
5 9
34 97
65 81
66 80
27 72
95 96
16 57
15 62
16 73
25 59
84 91
26 62
4 99
49 78
5 86
12 42
65 97
82 90
55 77
55 61
8 79
46 49
10 16
61 88
25 37
15 98
20 23
28 70
5 79
16 18
61 82
57 78
30 47
7 59
53 71
31 61
10 78
77 93
71 89
32 48
25 29
62 97
4 42
66 82
36 98
49 59
5 69
36 98
3 46
4 56
16 17
38 93
14 78
37 100
54 68
47 79
48 61
27 51
2 44
84 99
32 79
9 99
37 96
91 97
52 93
8 46
20 36
52 97
1 40
55 97
43 59
7 85
11 55
56 57
54 93
7 85
24 67
12 83
15 31
3 7
83 100
15 54
18 35
36 51
58 99
16 42
26 93
22 48
31 88
3 41
23 61
46 77
12 28
10 94
12 42
76 100
11 14
82 98
32 84
33 41
74 82
8 74
51 82
21 38
12 76
30 86
59 88
67 83
70 92
60 63
3 60
66 91
25 72
8 63
47 55
36 100
8 20
9 22
82 89
59 100
9 40
37 96
19 98
63 67
11 74
65 82
24 33
10 30
44 95
1 17
17 90
36 61
76 96
64 82
29 92
15 37
32 51
29 85
69 99
31 48
72 81
57 96
4 77
50 66
21 34
10 50
50 85
23 77
4 32
40 61
6 48
49 79
33 56
59 77
58 83
55 59
38 54
41 63
28 83
55 90
39 61
16 63
38 75
39 59
31 94
41 71
19 36
44 71
4 29
72 86
30 87
24 92
36 54
17 18
6 33
72 94
87 97
8 23
46 77
70 81
51 76
10 64
22 80
7 25
60 78
46 62
6 59
22 94
11 38
44 63
34 95
43 89
73 96
49 66
41 46
69 70
49 79
70 84
10 42
21 94
7 71
19 29
12 40
23 23
29 85
66 75
54 71
18 95
1 83
93 95
64 80
13 28
94 96
55 97
37 42
7 75
49 93
60 88
10 84
12 34
46 51
68 87
56 56
56 62
38 56
17 49
61 71