100
6 5 6 9 3 7 4 5 2 5 4 7 4 4 3 0 8 8 6 8 8 4 3 1 4 9 2 0 9 8 9 2 6 6 4 9 5 0 3 8 7 1 7 2 7 2 2 6 1 0 9 1 5 9 4 9 0 7 1 7 7 1 1 5 9 7 7 6 7 3 6 5 6 3 9 4 8 1 2 9 3 9 0 1 8 5 0 4 6 3 8 5 6 1 1 5 9 8 4 8
1000
42 51
1 94
35 65
15 25
57 88
44 92
28 66
37 60
33 52
29 38
8 76
22 75
59 96
30 38
36 94
19 29
12 44
29 30
5 77
44 64
14 39
7 41
5 19
29 89
18 70
18 97
25 44
71 84
91 100
26 73
45 91
6 40
55 87
70 83
43 65
8 98
5 56
12 49
23 29
44 100
47 69
23 41
11 12
2 6
31 62
6 79
21 37
27 45
23 66
9 17
59 83
25 38
25 63
1 37
53 100
51 80
69 72
32 74
31 82
34 95
61 64
82 100
97 100
60 74
14 69
91 96
27 67
41 85
85 91
43 77
8 37
46 57
19 80
13 88
49 73
10 60
11 37
43 88
2 7
14 73
22 56
20 100
5 22
12 40
41 68
6 29
28 51
59 85
21 25
23 70
82 97
31 85
73 93
51 73
26 86
23 100
41 43
14 99
91 99
25 91
10 82
20 37
33 56
5 95
70 80
74 77
51 56
43 61
80 85
6 94
22 68
5 14
55 62
27 60
3 45
3 7
22 85
43 69
29 90
9 73
59 99
9 37
49 54
4 34
34 49
55 91
47 68
30 69
1 47
89 98
50 91
4 34
64 98
54 93
26 87
53 97
76 89
30 58
37 61
15 22
5 61
28 29
49 51
3 57
95 98
44 100
3 40
4 29
1 82
39 48
52 60
35 36
40 93
16 28
5 30
50 65
30 86
36 44
1 78
39 72
50 90
68 89
93 96
44 45
30 91
41 83
42 70
27 33
43 62
18 61
24 62
10 82
26 91
68 97
35 78
27 91
25 58
15 69
6 59
13 87
1 47
27 95
17 53
30 79
47 91
48 71
52 81
32 94
28 58
13 87
15 56
13 91
13 80
11 70
75 90
42 56
21 34
88 89
39 67
71 85
18 57
7 61
38 50
6 60
18 19
46 84
59 74
38 74
84 90
8 79
15 58
30 72
1 60
19 39
26 89
34 75
58 82
59 94
71 100
18 40
64 70
23 95
48 74
32 63
83 91
92 93
16 58
22 58
75 92
48 52
22 32
38 41
31 55
26 99
17 82
3 17
32 40
5 97
39 81
19 22
63 71
13 80
78 86
5 37
77 84
8 60
45 58
12 100
28 51
37 61
6 19
50 64
12 45
6 35
76 92
15 56
69 90
19 94
6 83
23 83
18 31
75 94
27 94
54 87
44 75
14 15
78 80
63 76
20 89
11 33
18 95
36 47
38 92
44 54
29 74
26 92
11 19
18 37
56 64
59 91
5 31
62 72
34 86
74 90
5 52
6 51
4 69
7 86
40 96
21 50
27 68
64 78
82 97
61 66
37 56
19 71
12 43
33 97
22 80
71 85
28 73
35 41
73 84
31 99
48 64
31 51
15 74
23 60
25 48
36 83
5 33
44 55
87 99
41 79
60 63
63 84
42 49
24 25
23 73
36 55
22 58
48 66
72 77
19 70
2 4
34 54
8 60
7 29
21 98
9 85
35 99
77 92
16 99
53 72
60 90
7 11
17 25
10 40
1 79
10 54
15 82
39 90
27 68
24 48
32 88
23 33
76 82
51 80
55 91
32 51
14 58
82 95
4 82
21 34
82 83
16 88
26 97
5 23
52 93
33 98
35 82
7 16
9 58
96 100
63 98
77 84
55 78
10 88
33 83
22 67
61 64
12 83
86 87
31 86
84 91
15 77
17 21
26 93
29 40
26 91
37 61
19 44
29 38
22 83
11 56
26 89
16 71
38 54
9 23
51 84
58 98
27 28
70 72
50 52
11 29
40 99
11 89
78 94
77 91
53 100
32 88
78 100
58 67
18 53
36 42
69 99
85 96
6 77
29 67
29 55
9 94
79 98
56 73
46 75
1 26
84 98
13 28
22 83
35 94
35 40
22 60
58 86
55 62
63 73
17 42
51 53
63 83
18 100
55 74
7 16
52 65
64 91
73 92
38 38
29 60
72 81
57 88
42 91
53 71
12 66
18 70
62 84
13 52
1 7
39 68
65 90
33 55
5 76
42 80
13 39
37 70
57 71
45 61
15 50
15 66
27 87
40 84
36 70
22 53
91 94
10 90
32 74
36 65
49 96
14 78
34 99
50 56
56 94
57 69
34 61
24 87
59 72
41 78
46 82
62 91
24 51
1 55
65 76
25 43
20 60
45 90
39 70
52 77
20 84
34 44
5 57
76 82
12 67
13 68
30 93
3 69
3 32
8 75
17 19
78 84
73 88
58 74
26 63
34 98
19 97
42 54
27 75
81 94
49 86
6 31
30 60
61 99
25 63
20 81
3 42
11 81
27 84
41 90
9 24
39 58
32 94
11 21
6 91
14 92
39 71
22 68
30 72
44 81
96 100
25 89
55 87
33 70
11 70
31 74
34 64
80 88
50 95
52 100
40 65
31 43
16 87
16 50
82 87
12 35
34 88
23 88
44 74
20 43
45 55
25 40
60 64
19 54
13 70
5 6
34 100
20 35
16 36
54 88
51 70
3 88
38 63
11 90
6 61
5 12
30 58
4 17
22 93
6 23
44 80
29 62
48 79
1 46
83 88
52 100
87 90
27 54
49 95
7 37
8 93
18 65
21 22
67 81
55 95
24 38
34 85
13 18
18 32
10 66
9 57
46 70
23 96
72 96
60 70
2 77
53 72
26 41
44 73
90 92
28 67
13 79
51 97
25 34
14 87
71 100
69 95
16 42
40 43
38 64
91 99
3 40
14 32
29 58
5 72
47 84
26 39
41 96
22 73
27 35
26 59
53 57
46 73
40 47
12 84
4 62
26 43
17 40
45 75
31 97
68 95
14 58
20 61
51 93
33 77
80 91
36 54
96 99
8 42
38 71
41 77
2 85
1 84
10 93
41 97
40 64
5 36
7 74
24 65
50 52
31 52
5 40
66 87
3 26
80 92
8 48
32 85
20 62
32 54
28 29
20 95
44 82
24 69
40 88
39 44
89 95
21 81
87 99
19 53
64 99
11 96
6 80
43 67
26 99
73 79
54 67
49 98
48 73
17 87
13 60
1 78
54 98
4 33
36 52
8 99
50 55
7 62
4 35
26 85
29 98
34 64
16 61
15 82
86 98
1 98
9 30
14 50
35 80
15 17
76 86
66 87
27 31
17 93
30 70
10 53
16 67
34 96
29 77
14 48
1 27
63 87
30 64
1 9
17 98
76 83
41 45
21 27
19 66
95 100
35 47
9 54
4 63
43 87
33 35
8 11
35 70
16 97
85 97
25 83
52 66
17 62
38 44
62 88
3 82
61 89
21 80
42 94
25 29
9 36
43 63
71 97
64 67
1 12
16 88
33 35
51 91
34 94
40 81
94 95
14 55
45 83
24 76
39 52
52 74
12 66
69 82
14 84
78 100
15 36
65 70
8 47
73 92
12 41
24 88
37 58
40 94
21 82
15 72
19 72
35 97
65 84
68 98
1 68
36 75
34 91
33 58
30 50
24 91
48 93
30 50
23 36
41 69
44 56
40 67
26 37
54 61
21 53
5 58
84 88
22 41
27 98
6 28
29 79
70 71
28 99
21 64
22 61
17 84
24 68
83 93
12 36
54 64
9 63
69 96
61 99
69 77
10 74
4 88
55 74
58 82
24 30
45 97
43 81
10 13
48 56
55 67
35 60
43 82
2 74
39 72
14 59
23 100
56 85
62 91
72 81
4 24
1 21
1 43
13 53
5 8
59 60
26 95
18 59
37 91
27 61
15 74
38 66
22 49
10 21
1 64
33 87
5 34
57 59
11 28
32 69
29 70
42 47
59 75
6 11
2 66
68 90
27 91
33 39
6 100
1 63
33 58
49 62
8 18
70 98
39 70
29 40
19 71
86 93
43 81
34 55
8 44
1 51
22 86
21 89
41 91
35 48
26 84
62 95
31 43
64 92
21 21
39 55
43 93
23 31
35 86
9 95
9 81
3 45
46 85
23 88
26 58
3 36
49 93
87 97
31 41
50 52
13 57
55 90
49 73
29 83
58 89
38 77
21 98
40 95
6 15
83 83
24 70
16 37
18 85
54 100
25 55
37 51
11 93
43 59
24 65
22 42
12 70
11 61
3 91
48 56
17 90
40 82
18 59
7 76
2 12
75 79
66 78
67 77
62 70
34 35
28 37
7 100
17 98
40 61
68 71
87 87
9 68
67 78
36 37
38 94
20 47
13 68
35 97
18 41
75 96
32 51
3 9
31 52
26 43
48 91
62 77
35 70
64 96
32 36
52 81
21 98
1 89
62 97
2 75
15 70
17 29
53 83
26 83
3 34
24 78
50 91
36 52
47 61
48 100
3 30
29 50
29 100
14 90
64 77
67 91
85 95
37 60
77 85
10 72
1 39
40 85
36 91
51 76
27 82
51 63
29 79
65 80
54 59
35 45
12 70
6 78
37 58
35 43
66 73
11 96
33 66
8 50
68 77
2 59
3 61
64 83
28 39
15 97
34 59
31 55
8 70
28 60
2 96
14 68
19 61
30 36
32 93